-5.00539  -0.568439  -1.4474  -2.11488  -0.769691  -2.99686  -0.914432  -1.55397  -4.56558  -2.49989  -3.30979  -5.88894  -1.40432  -1.36002  -1.22344  -3.16074  -0.827738  -0.875442  -1.47811  -3.58017  -0.559234  -4.63142  -6.80582  -8.84236 
-6.75925  -2.72328  -1.96134  -7.95319  -6.03772  -4.1584  -2.94597  -7.69104  -8.09186  -7.73545  -5.27125  -5.93567  -2.77479  -7.07647  -1.87844  -7.89686  -2.68438  -2.96794  -6.21133  -0.833446 
-3.61431  -3.1202  -3.00761  -3.83908  -6.17526  -4.35912  -3.67503  -6.58483  -5.79462  -6.50888  -3.85856  -8.33275  -2.36186  -7.19231  -8.85821  -3.45137  -8.04487  -2.14823  -2.77435  -7.0008 
-8.0744  -3.30668  -7.39412  -4.99201  -5.40089  -3.08009  -2.03129  -1.96261  -10.8563  -4.40285  -7.55703  -6.72144  -7.17859  -2.02544  -4.9145  -6.51986  -4.61057  -3.87762  -5.28688  -5.02886 
-5.68466  -5.67588  -3.08523  -4.95634  -8.1726  -4.68091  -3.14857  -8.08396  -7.96635  -7.50073  -5.8598  -7.14312  -6.16714  -2.85157  -7.4641  -1.81734  -2.40724  -2.91537  -6.6235  -2.63041 
-6.33451  -6.32971  -2.65769  -1.84296  -8.61143  -7.49774  -9.66857  -7.16903  -5.50585  -7.48893  -7.50078  -2.98981  -6.52993  -2.12242  -2.5422  -4.2717  -2.71271  -6.26568  -6.4046  -3.34839 
-3.86959  -4.22409  -3.44221  -5.13857  -8.90243  -5.97861  -9.53578  -2.78116  -3.09903  -7.86684  -3.33203  -4.26627  -6.51384  -2.08526  -6.67485  -3.27741  -2.77868  -6.06736  -4.23253  -2.10654 
-4.63388  -4.74408  -5.21532  -4.64967  -6.40567  -6.23192  -4.55589  -5.42515  -9.3545  -6.28607  -5.57873  -5.57299  -5.13695  -6.11333  -3.89835  -2.50629  -4.30814  -2.65637  -5.78702  -4.53433  -7.31904  -0.0117854  -6.86805  -9.82641 
-5.05437  -8.71225  -3.5673  -5.69394  -7.61414  -7.38809  -4.00885  -2.83233  -5.99823  -6.99713  -5.75086  -6.50573  -8.07948  -3.53956  -2.53222  -7.19049  -7.00345  -4.13567  -3.33544  -5.41618  -11.9126  -2.05118  -2.42327  -6.38745 
-7.63114  -7.0884  -7.40262  -3.75606  -4.68435  -6.51757  -4.58453  -6.68733  -6.91642  -6.92791  -2.99148  -4.30314  -3.27696  -3.64551  -6.44744  -6.91115  -5.52455  -3.03434  -3.83296  -5.09918  -9.9534  -4.86535  -1.82668  -6.86685 
-7.5808  -5.38915  -6.92352  -7.59736  -6.43247  -2.06795  -2.64251  -6.28474  -2.89546  -6.06393  -7.5636  -4.32718  -5.13083  -3.97539  -6.56067  -4.03115  -5.25778  -7.31165  -6.02556  -5.79323 
-6.373  -5.47034  -2.76298  -9.09136  -8.78405  -8.52987  -3.71242  -0.606355  -3.61701  -5.61573  -2.26586  -2.78736  -4.93293  -4.13409  -4.84578  -1.3385  -4.04015  -5.67189  -6.56686  -3.34118 
-5.75085  -4.33673  -2.69224  -4.38745  -9.51198  -5.1767  -3.35742  -2.69376  -2.80204  -5.25076  -5.70311  -4.3703  -7.0568  -3.389  -2.79966  -2.82917  -2.16266  -3.41536  -10.8247  -5.83492 
-5.64281  -1.52435  -4.94637  -8.27696  -1.58308  -7.43319  -2.91491  -3.0265  -6.53532  -2.46967  -2.50636  -7.44836  -7.32314  -6.75396  -2.83871  -1.64913  -2.7435  -7.97709  -5.61785  -2.23629 
-9.21397  -4.93621  -6.43064  -4.83989  -1.15497  -7.5414  -3.4411  -4.12668  -8.99385  -1.82489  -3.60603  -2.65343  -5.56224  -7.19782  -4.82278  -2.90478  -4.22813  -1.74776  -6.41588  -3.40273 
-3.27714  -3.74024  -2.15346  -3.28883  -2.91351  -3.91987  -4.98052  -3.76935  -1.66212  -1.88695  -2.11936  -5.01503  -3.77188  -1.12809  -1.09923  -4.80719  -1.73783  -1.32233  -3.05369  -3.13219 
-4.08119  -6.70317  -6.72974  -6.29273  -2.85093  -3.12061  -8.70115  -5.44354  -9.52467  -3.06058  -7.02125  -2.66179  -3.2659  -4.48471  -2.30032  -8.40595  -5.96468  -4.08694  -4.41358  -5.25083 
-7.51675  -5.17164  -3.98014  -6.71425  -5.43283  -7.29802  -6.25065  -8.90998  -8.51284  -6.11049  -7.24125  -6.20499  -9.57671  -5.80973  -6.27617  -4.2372  -4.52577  -6.0015  -4.49155  -6.80998  -4.54862  -6.18289  -3.46229  -9.72768 
-4.13137  -3.05369  -3.25769  -5.08952  -4.52894  -2.27462  -2.40727  -4.08587  -2.03957  -9.73977  -4.45997  -4.14366  -7.74836  -7.90296  -1.92794  -7.00369  -5.77496  -4.69578  -3.81926  -2.62729 
-6.29535  -9.19454  -2.72111  -3.5748  -5.68394  -3.90309  -5.45743  -6.12843  -8.66069  -9.82909  -8.53025  -8.28436  -5.44169  -3.3381  -3.449  -2.57613  -5.2056  -6.94597  -2.7297  -2.76868 
-4.78339  -6.18102  -5.67471  -4.3982  -7.8852  -3.10346  -7.55724  -4.76089  -3.94314  -1.88324  -7.3278  -8.63105  -7.71293  -4.12399  -5.53467  -5.88509  -3.89666  -3.67968  -6.76178  -3.08135 
-2.58551  -2.45147  -4.70157  -2.13925  -2.63755  -4.6818  -5.61309  -6.06188  -3.58458  -4.38085  -8.99864  -5.4776  -6.70939  -9.42533  -4.93529  -5.15741  -6.2461  -2.36899  -2.6351  -3.83031 
-1.44303  -5.09582  -7.6809  -3.79178  -6.45401  -7.22427  -7.51476  -1.5041  -6.32452  -8.68006  -2.46542  -1.94535  -4.22971  -4.81561  -1.57693  -3.34462  -5.4479  -3.57176  -2.3764  -1.23216 
-9.28807  -7.06789  -3.30577  -2.65996  -3.57317  -6.68006  -3.70662  -5.43786  -1.79485  -5.22957  -2.71315  -8.13909  -7.22309  -6.34531  -6.2788  -3.86937  -4.19044  -5.33655  -6.73818  -6.35733 
-7.96952  -8.08858  -3.34801  -5.48628  -4.50331  -5.26429  -2.49831  -3.93677  -11.091  -8.37465  -5.67525  -5.37734  -4.25213  -7.23108  -4.85437  -6.9164  -6.32459  -1.96107  -6.40323  -3.39977 
-0.861151  -3.68514  -0.815794  -0.656501  -4.19672  -2.90872  -2.90397  -6.50758  -4.46368  -3.30469  -3.26141  -3.67319  -4.61178  -5.23226  -1.53131  -2.37301  -4.15593  -1.64192  -2.06844  -2.91581 
-2.26747  -4.77953  -5.37102  -7.68659  -8.62933  -6.52769  -8.95206  -6.6558  -3.75072  -6.18444  -6.03432  -7.03347  -5.1918  -8.42906  -4.60876  -4.21838  -5.67151  -4.94925  -8.07356  -5.03128  -10.491  -6.75756  -5.57062  -1.6394 
-8.53645  -4.86776  -0.931081  -2.78243  -3.28301  -6.89355  -1.98628  -5.10691  -9.66958  -6.74967  -6.30011  -9.40606  -7.77699  -2.31087  -9.06266  -6.89692  -7.41981  -6.03681  -2.64786  -4.32349 
-5.92869  -8.46669  -4.76456  -2.19661  -4.1316  -6.2508  -0.281871  -1.86942  -6.78554  -4.87937  -4.99726  -2.02853  -3.39012  -5.98148  -6.18825  -5.41159  -3.30508  -5.27966  -4.41327  -7.68136 
-8.57814  -3.77109  -7.0131  -4.23674  -2.98412  -4.91301  -9.34207  -4.15449  -6.60998  -3.35818  -5.17941  -7.63247  -9.81371  -5.3319  -7.2894  -7.90487  -7.65617  -5.05665  -5.83632  -5.85998 
-8.64009  -2.49174  -5.58806  -3.55275  -3.37108  -6.204  -4.38536  -7.60789  -3.52663  -5.79233  -9.59656  -8.71456  -7.39823  -3.7498  -9.10581  -8.7138  -3.4757  -4.37359  -2.11616  -2.77282 
-7.24345  -3.67401  -6.74122  -3.93588  -3.65923  -3.53371  -6.94014  -4.32298  -7.77113  -2.37956  -7.57174  -3.68265  -9.28083  -4.03019  -3.93879  -2.67867  -2.91023  -1.73757  -7.57087  -4.55697 
-2.13619  -4.92745  -8.99481  -1.73104  -6.81587  -6.22801  -7.49015  -4.52528  -5.92612  -1.79987  -5.45411  -4.15504  -9.12412  -2.07639  -3.00855  -3.92481  -2.4706  -2.8186  -2.24627  -7.73284 
-3.65922  -3.22637  -6.24055  -4.57006  -7.20243  -6.90341  -9.5038  -7.61411  -2.34428  -8.91266  -6.63012  -7.71827  -3.40902  -5.74831  -8.4645  -2.61643  -8.58692  -3.4457  -4.3667  -7.30794 
-7.91339  -3.37078  -3.52642  -7.30619  -2.88425  -3.69885  -5.66175  -5.46783  -5.00179  -8.00438  -2.89425  -3.1262  -1.90044  -2.8452  -8.88145  -8.40353  -3.44397  -4.25089  -1.9551  -2.70426 
-8.42712  -7.27803  -3.43146  -1.85234  -7.88834  -4.16325  -8.38202  -5.332  -2.43417  -3.07005  -7.19527  -7.24084  -7.61667  -3.3762  -2.57438  -8.65029  -3.90291  -6.05602  -6.90656  -4.4722 
-5.41183  -4.36162  -5.17562  -9.12892  -2.59361  -3.51748  -7.23466  -7.35512  -6.20549  -4.98872  -7.58753  -6.42219  -6.54857  -5.96066  -6.44185  -6.07378  -5.49429  -5.17164  -3.90369  -2.81489  -8.74494  -0.0583469  -4.77497  -10.0105 
-2.85335  -2.50851  -5.60725  -4.22553  -6.77434  -5.59788  -7.22363  -4.10542  -6.77412  -8.55641  -6.31237  -7.54446  -5.80193  -2.54365  -6.09963  -1.37664  -3.72047  -7.78448  -3.20167  -1.5649 
-7.45696  -5.54046  -5.62122  -2.34106  -5.52065  -6.99784  -6.1354  -2.84015  -7.01383  -4.91326  -7.07555  -6.66412  -9.22143  -6.69584  -4.91996  -7.34205  -8.51381  -5.67526  -4.53982  -3.1833 
-6.26206  -5.63975  -3.80113  -2.38746  -8.70852  -6.64096  -3.63532  -5.80917  -4.02404  -5.32709  -4.29057  -8.01671  -7.79307  -8.19373  -6.39699  -10.8913  -6.58229  -8.26215  -4.59479  -5.78313 
-7.06737  -5.89651  -9.29275  -6.5497  -3.65368  -4.00114  -7.77092  -3.0616  -6.06304  -5.01468  -4.97386  -3.03216  -4.9372  -8.16751  -8.65887  -8.36414  -6.26316  -5.12611  -5.54524  -3.23627  -10.2863  -3.04588  -2.18369  -7.17472 
-3.45261  -5.90147  -3.04642  -3.07771  -4.27455  -2.95003  -7.73959  -8.06618  -7.11075  -8.62047  -3.04035  -6.95357  -8.08391  -7.68797  -2.12571  -2.25349  -5.49574  -8.24782  -6.79136  -4.00401 
-3.28773  -5.47707  -4.77663  -7.02003  -0.883195  -6.36955  -9.33829  -7.08702  -4.61916  -1.94378  -8.46992  -1.2545  -4.77201  -5.04379  -8.27224  -5.3166  -6.32603  -5.82606  -4.03425  -8.54626  -9.62774  -12.3738  -7.07665  -0.0455655 
-7.87714  -5.97826  -2.64444  -3.0766  -5.54842  -5.2252  -3.5895  -5.50107  -4.73225  -5.25886  -4.71833  -4.28597  -5.24606  -3.30359  -5.93366  -2.22528  -9.13091  -4.54754  -6.81222  -6.78027 
-6.3151  -3.01888  -1.69561  -7.38484  -8.23916  -1.76055  -5.27412  -10.3304  -3.79143  -2.91484  -4.83601  -5.48926  -7.18172  -4.027  -5.19127  -5.15748  -4.47537  -2.561  -4.30863  -6.28865 
-2.18863  -3.12405  -5.46333  -3.56808  -5.79284  -9.60896  -8.93232  -5.63517  -4.44244  -6.8995  -7.54217  -9.04495  -7.57699  -6.10014  -10.9712  -2.9774  -3.06418  -4.54015  -8.018  -4.03375 
-8.51551  -2.38083  -8.57814  -7.63489  -3.03645  -7.4002  -3.53177  -5.75732  -5.48902  -3.39712  -6.71572  -2.9118  -3.75279  -3.15941  -5.56245  -8.22136  -3.15525  -2.72267  -4.5298  -3.82402 
-5.62886  -2.40719  -3.12923  -2.37441  -4.43162  -5.39004  -6.54011  -5.55238  -6.23854  -9.09915  -5.38071  -7.00942  -2.28579  -3.11394  -7.54791  -5.28676  -7.79747  -4.03565  -2.88854  -4.23171 
-4.4628  -2.14313  -5.5142  -1.95944  -2.44158  -4.77342  -6.84809  -3.9986  -5.01305  -6.3473  -3.00069  -2.13354  -5.76541  -4.03952  -3.27731  -2.9296  -5.56392  -4.25598  -4.6043  -2.98486 
-8.56538  -6.46815  -3.38219  -6.7998  -6.98244  -3.14002  -3.07731  -5.32387  -5.32891  -2.68826  -4.30178  -6.59182  -5.27011  -6.59082  -2.80021  -2.9717  -4.22584  -6.67129  -2.45177  -8.6329 
-4.82512  -4.8032  -7.24237  -3.67313  -4.6842  -4.32666  -7.64995  -4.1447  -5.51314  -9.41024  -7.54171  -4.33639  -5.43963  -2.35202  -8.51849  -3.8324  -7.50425  -4.67122  -4.97727  -6.73196 
-7.93719  -7.88386  -2.5268  -5.75447  -2.70791  -8.68151  -3.97551  -4.06839  -6.97866  -3.57095  -5.53399  -4.22804  -6.67889  -4.6471  -7.64351  -3.64725  -5.15693  -6.8425  -4.13405  -4.13899 
-2.22078  -5.96074  -4.5625  -5.40367  -3.57057  -2.76712  -8.2751  -4.61655  -2.50982  -2.63213  -4.86601  -8.70639  -7.61027  -5.58581  -5.06536  -8.57238  -5.146  -2.98507  -5.32525  -4.94821  -13.242  -5.91722  -1.75045  -2.01734 
-4.9857  -4.33092  -4.1507  -3.91672  -4.101  -5.36903  -6.88906  -5.96756  -6.27752  -5.10216  -6.16994  -1.67536  -2.90489  -4.23674  -5.75628  -4.83328  -3.26155  -3.74209  -5.25484  -5.60235 
-6.80437  -3.95872  -7.27441  -5.93056  -4.47373  -4.99975  -4.06734  -7.11353  -5.9888  -8.64992  -9.01797  -3.61088  -5.12358  -7.99944  -6.12292  -3.48149  -6.85013  -3.11045  -8.15935  -6.81131  -11.5015  -1.35358  -1.45758  -8.47248 
-0.768055  -5.34999  -3.35647  -4.8609  -4.41599  -3.17007  -1.71545  -6.93654  -1.09258  -3.54314  -4.21603  -3.92388  -7.82577  -3.59498  -4.67165  -5.69231  -1.88605  -4.5739  -5.49406  -3.97623 
-4.36068  -8.26229  -6.30981  -3.99075  -7.09068  -5.32769  -6.63011  -4.46248  -7.22444  -6.28146  -5.075  -9.01473  -3.17376  -9.22408  -2.82531  -3.7993  -6.47493  -5.36651  -4.71829  -7.1452  -9.45386  -2.88884  -2.30695  -8.36027 
-6.79289  -3.37038  -7.22338  -2.09627  -2.4666  -1.95367  -4.09362  -6.26231  -2.68788  -9.64851  -6.61321  -9.479  -7.52951  -4.20689  -6.64896  -7.57338  -3.61194  -8.81318  -2.00067  -2.18183 
-8.42368  -5.09512  -4.30702  -2.89416  -4.77074  -9.58276  -3.19647  -5.53774  -3.72454  -5.28733  -3.30706  -5.28014  -3.77202  -7.74092  -4.20378  -6.34608  -6.44323  -8.32736  -2.89333  -7.344 
-6.85592  -9.00902  -7.16241  -3.46944  -6.33055  -3.85778  -5.96829  -3.80929  -6.29292  -5.61361  -7.07422  -1.76272  -6.8427  -9.44603  -7.11143  -6.06363  -4.37807  -2.78622  -4.39217  -2.42176 
-2.59345  -6.33202  -3.33531  -4.80138  -3.54955  -5.73927  -5.71787  -7.03006  -8.5522  -3.53426  -10.7651  -2.89994  -9.44761  -2.22236  -7.35471  -6.15145  -1.39783  -8.75022  -6.98348  -5.54644 
-7.32072  -5.57671  -2.59623  -3.0542  -2.77741  -4.36861  -3.51  -4.02321  -9.30892  -6.69332  -3.60247  -4.77059  -4.58537  -6.39948  -7.94067  -7.12978  -4.07198  -5.51292  -3.39513  -3.06179 
-4.6736  -5.26315  -6.77574  -2.9391  -2.32627  -4.36969  -1.67623  -7.76474  -5.88284  -6.14133  -6.12775  -3.07425  -4.67004  -2.68859  -4.84096  -5.68229  -5.2614  -1.53091  -5.83855  -2.64513 
-7.17689  -6.84356  -4.9358  -3.72897  -5.34291  -5.59772  -5.06328  -5.90743  -5.90906  -7.58642  -7.3261  -3.89218  -9.37094  -2.64717  -6.81214  -2.4342  -3.06409  -6.74061  -6.52146  -7.44089 
-2.9339  -5.47922  -9.63861  -5.18328  -2.09235  -3.03172  -7.38279  -6.12658  -4.72498  -8.35081  -3.47327  -8.00236  -5.59971  -5.19906  -3.94732  -5.166  -8.81596  -5.81525  -6.54913  -1.89028 
-4.38819  -4.64784  -2.72854  -4.27796  -7.33035  -1.70263  -3.78876  -2.7091  -5.68001  -9.55377  -5.50506  -6.38335  -3.31062  -3.23614  -8.43435  -4.1604  -3.9601  -4.5801  -5.13103  -5.14674 
-6.1119  -5.41102  -5.82455  -4.98909  -2.63964  -3.76418  -2.22894  -4.33732  -2.40715  -5.00814  -6.58096  -2.47476  -3.49238  -3.5748  -6.69022  -5.62324  -2.72796  -5.53138  -3.85997  -1.71998 
-4.17263  -5.83383  -4.21203  -2.56987  -6.50417  -6.36387  -2.23424  -7.23986  -8.7719  -5.01391  -5.50086  -7.66439  -2.83255  -2.95243  -2.04422  -10.366  -11.0821  -8.37717  -4.4025  -5.04393 
-7.63143  -3.62168  -3.21513  -7.73346  -4.3626  -3.76565  -8.45777  -8.9875  -7.54259  -6.34297  -6.95219  -9.04147  -6.51427  -3.12244  -8.788  -3.49163  -2.15453  -4.43587  -3.35189  -2.17633 
-5.47755  -6.76242  -2.75061  -1.16616  -5.31272  -5.28457  -9.40983  -2.04628  -6.35314  -7.47128  -4.79263  -3.7564  -3.61241  -8.36273  -4.958  -6.91086  -8.87554  -3.05095  -6.79208  -5.92185 
-4.16311  -5.67035  -4.96887  -2.29391  -4.56182  -4.03413  -6.77158  -2.60566  -10.2678  -2.62573  -5.21215  -2.57798  -8.72129  -5.83947  -6.97026  -2.79297  -3.11644  -6.82226  -7.77422  -4.93255 
-7.89743  -8.86807  -3.32092  -3.67266  -5.56072  -6.7654  -3.36588  -7.42657  -1.66507  -9.09544  -9.05811  -6.21722  -2.85167  -3.32118  -7.30898  -1.83716  -8.87902  -2.33491  -3.1423  -8.47518 
-6.83117  -2.99334  -6.34131  -2.65325  -2.48951  -4.94846  -7.58932  -8.3637  -9.30151  -5.90862  -6.77201  -6.5198  -3.07549  -5.68762  -5.2068  -5.15425  -3.49383  -6.02601  -0.739021  -4.11319 
-7.26301  -5.12538  -5.59123  -7.44337  -4.05143  -4.29847  -1.89789  -3.973  -4.37848  -4.55515  -3.34892  -3.10202  -2.4808  -6.35119  -8.03253  -5.58453  -4.51592  -3.1639  -6.38047  -3.41108 
-3.02388  -4.25953  -4.14156  -5.3666  -4.20042  -8.22274  -2.44066  -6.50799  -5.43302  -10.0381  -2.53262  -4.53258  -2.8286  -2.48074  -5.36656  -8.56576  -3.60227  -6.8369  -3.31833  -4.09311 
-6.94559  -3.57735  -4.36539  -9.83951  -8.30415  -2.75685  -7.26262  -2.85791  -2.93241  -5.60608  -7.53446  -5.73029  -3.1967  -4.74202  -2.95393  -10.6253  -2.72532  -4.41842  -5.60976  -5.53682 
-7.428  -4.58486  -7.92599  -3.01203  -6.52363  -5.42587  -6.99841  -2.28844  -10.8765  -10.8501  -6.79635  -4.79543  -6.61651  -3.07791  -8.99334  -3.95912  -4.83301  -6.64225  -4.51116  -2.50174 
-6.06929  -6.40252  -3.7135  -7.36165  -1.99392  -5.6188  -5.28172  -5.62978  -4.61617  -5.83826  -8.49103  -6.43496  -3.63176  -8.57102  -2.13549  -3.19067  -7.53806  -4.30522  -4.0218  -6.32863 
-5.70555  -5.49015  -2.68253  -3.66322  -4.06222  -2.03681  -4.55837  -4.39185  -1.83832  -5.83979  -4.70648  -4.52745  -5.19341  -4.94247  -3.08334  -3.66637  -3.89658  -2.52011  -3.07629  -6.07163 
-8.6811  -6.15103  -3.14619  -6.70462  -3.25742  -2.78704  -1.97949  -4.85118  -4.69569  -9.53798  -6.12728  -8.07194  -2.84639  -6.38504  -3.21546  -1.68691  -9.20958  -5.1256  -2.3783  -4.46224 
-3.81171  -3.31944  -1.44037  -1.67969  -5.6738  -3.70548  -2.20238  -2.03119  -1.2992  -4.16393  -2.16555  -5.19727  -2.84934  -0.912946  -1.86688  -3.32995  -1.79739  -1.15127  -1.35135  -2.54959 
-3.08474  -7.85603  -2.72194  -6.34214  -5.71738  -6.25457  -4.89918  -5.33817  -6.89519  -4.15474  -4.12085  -9.33043  -6.72019  -5.09841  -2.50874  -2.84341  -4.19222  -2.71062  -5.20355  -3.86792 
-3.15124  -2.66174  -4.8244  -8.13398  -6.15349  -6.73994  -4.28178  -4.26563  -4.81696  -4.06587  -2.53008  -2.11667  -3.10001  -6.62862  -6.4846  -2.46824  -6.57754  -3.37093  -6.66277  -7.12488 
-4.65897  -2.25831  -3.60035  -4.52114  -5.00678  -2.28647  -2.62177  -6.37461  -6.48739  -5.6268  -3.23883  -2.0262  -7.59394  -6.1617  -6.95655  -7.48504  -4.19466  -8.2834  -4.13754  -2.98728 
-8.13654  -2.78062  -6.69459  -3.20445  -3.47924  -4.08562  -7.95583  -6.10442  -4.32053  -5.85678  -5.23394  -6.45198  -7.04616  -7.71367  -2.19678  -3.95252  -4.49199  -2.25124  -6.22407  -2.10363 
-5.08005  -4.9231  -6.34079  -4.92221  -4.94225  -6.62246  -2.96913  -4.29084  -6.66619  -5.49839  -4.74601  -7.01711  -5.23384  -4.18458  -2.13602  -3.23913  -2.49653  -6.82258  -4.05699  -1.56304 
-7.02189  -3.66738  -3.02073  -7.59515  -4.84541  -8.13463  -6.50377  -4.51069  -7.95877  -5.17261  -6.01548  -7.28328  -7.99002  -6.99494  -4.78515  -5.60435  -4.58149  -4.91802  -4.64729  -5.39272  -10.9428  -4.54006  -2.55376  -5.02771 
-9.35041  -6.42701  -2.88469  -3.37392  -5.43807  -3.41319  -5.79348  -10.632  -4.88975  -5.47046  -5.65714  -9.48536  -2.97733  -3.18157  -3.83514  -8.69233  -2.95867  -8.14711  -8.09309  -3.89723 
-7.47613  -6.13913  -2.74472  -5.95723  -2.45358  -5.71491  -6.66765  -6.47469  -1.85376  -4.6762  -6.52621  -2.10965  -5.34305  -6.15091  -8.76466  -6.39548  -6.0586  -4.28077  -6.29007  -3.0329 
-5.16191  -5.59123  -4.49733  -2.85578  -2.05216  -7.44616  -5.5341  -4.29847  -5.33173  -6.03276  -6.76724  -4.37848  -3.68011  -3.10202  -2.80861  -3.21187  -7.20534  -5.58453  -4.51592  -3.41108 
-2.38073  -4.23436  -8.7568  -4.33811  -2.69493  -6.64946  -5.17462  -1.81375  -2.47276  -6.47732  -2.84767  -4.6725  -6.52551  -8.05627  -6.25197  -3.29502  -4.11371  -3.50738  -1.74512  -4.76347 
-6.13041  -7.00526  -4.15604  -2.01171  -3.56917  -2.90766  -3.25278  -4.7244  -4.40482  -2.96807  -4.06728  -5.45867  -1.6676  -6.37432  -6.25229  -4.96646  -2.76014  -3.11763  -2.56241  -6.26655 
-2.62409  -5.40332  -2.58358  -5.30832  -6.86886  -6.13285  -4.48483  -6.32039  -7.46085  -6.99693  -2.03007  -5.80115  -5.20698  -6.18881  -6.64686  -4.58915  -3.21316  -2.83569  -4.70747  -3.96058 
-6.18598  -6.29642  -5.28227  -6.29966  -7.06622  -4.26518  -2.95793  -3.11288  -6.4774  -3.52119  -5.07946  -3.06138  -2.88565  -3.71337  -11.6202  -7.94924  -6.25873  -10.7834  -6.89323  -3.91658 
-3.92319  -4.13154  -7.68946  -4.77164  -6.2763  -5.33685  -9.49428  -8.55277  -4.33822  -6.51367  -6.68126  -6.47757  -7.70607  -10.3151  -2.16663  -2.10945  -2.97175  -6.09271  -1.83674  -7.61277 
-4.78389  -4.0999  -8.61059  -3.80609  -6.36951  -1.76085  -3.84764  -2.56039  -6.0738  -2.70428  -6.83968  -3.69912  -2.6715  -8.33527  -1.76469  -2.42941  -3.22719  -5.20263  -2.7361  -3.96809 
-7.13014  -4.58933  -2.25466  -6.26288  -1.78881  -4.91344  -9.74437  -4.68734  -6.18509  -4.78248  -6.34353  -1.43143  -2.13362  -9.55152  -4.08531  -10.4445  -5.27296  -8.13818  -4.07797  -1.90644 
-7.48309  -7.01282  -2.71652  -6.28922  -4.72699  -4.68317  -8.59266  -4.10831  -4.77815  -5.72157  -3.50822  -3.72618  -4.73386  -8.80959  -8.35331  -5.73479  -5.421  -4.46052  -7.08012  -5.88473  -12.2071  -4.49995  -2.27743  -4.74819 
-6.24709  -3.92816  -3.6508  -2.27379  -6.10678  -2.516  -9.31842  -6.06979  -3.30462  -6.14839  -5.59479  -4.7639  -4.96899  -7.81661  -2.29738  -2.49954  -4.09543  -8.8192  -3.78818  -3.72917 
-7.08772  -3.37341  -6.42081  -2.60348  -2.89203  -3.06014  -4.41252  -3.50452  -3.12804  -5.041  -8.40201  -3.7673  -3.85528  -3.39223  -7.36954  -2.67275  -6.28573  -3.38265  -2.78633  -3.81272 
-7.43966  -7.54864  -4.89566  -3.05248  -2.64859  -3.53223  -5.01053  -5.32023  -4.54464  -5.07637  -5.89728  -3.56441  -8.24789  -3.74783  -3.98112  -1.53455  -4.50645  -3.50735  -7.56331  -6.50089 
-4.67421  -4.63435  -7.4769  -2.57554  -6.64589  -8.20631  -5.24116  -4.0308  -9.39721  -5.16919  -2.93753  -1.88767  -2.98931  -3.66863  -5.81719  -10.8039  -3.64474  -4.88884  -6.35424  -5.19142 
-5.85756  -2.27084  -6.24135  -2.62447  -2.02167  -3.61367  -2.07565  -4.36556  -6.58303  -8.54658  -4.22503  -3.50215  -5.82851  -1.89236  -3.275  -5.80851  -2.97679  -4.49908  -1.93282  -6.21349  -0.821919  -5.56626  -5.56798  -9.52843 
-5.42493  -4.68672  -4.71023  -7.43018  -7.63099  -3.60444  -5.20139  -7.53274  -4.84289  -4.90464  -7.35669  -6.2053  -5.77223  -2.8695  -7.19774  -6.21043  -4.97932  -5.52897  -7.36169  -5.30081  -11.286  -0.0729453  -3.79414  -9.48112 
-4.6583  -6.34614  -8.45111  -4.9137  -4.92539  -2.84913  -6.04798  -2.39045  -2.33774  -6.09793  -5.41186  -2.1667  -5.10257  -4.67554  -5.7656  -7.20214  -1.03673  -2.73226  -4.71058  -4.79376 
-7.09658  -8.43292  -6.97464  -3.05001  -5.56173  -7.97  -9.19187  -3.35578  -8.80531  -8.54336  -9.26144  -5.56634  -2.52874  -6.01424  -3.52663  -2.34787  -3.39729  -8.42989  -6.58009  -2.08013 
-5.19756  -5.53854  -6.00956  -4.97115  -4.96617  -3.17905  -7.12442  -6.66428  -2.58593  -6.79742  -8.86949  -2.57015  -2.98067  -9.93547  -8.13671  -7.94193  -2.52037  -7.40037  -3.51718  -6.47876 
-6.52402  -6.06669  -5.87038  -7.64109  -6.94129  -5.1767  -8.39622  -3.68089  -7.91575  -6.3057  -3.67783  -8.55013  -4.93605  -7.39332  -6.55909  -5.75458  -6.24553  -6.42307  -4.97003  -8.98239  -10.9868  -6.46706  -2.94022  -3.98326 
-6.46783  -4.35244  -8.60975  -4.19156  -1.87939  -7.40223  -4.43595  -9.40059  -2.08075  -2.84473  -4.78044  -8.40088  -3.93578  -2.99348  -6.08986  -3.55423  -2.90768  -5.46331  -6.48439  -1.63276 
-6.14587  -6.51581  -4.10261  -5.76354  -2.85723  -7.68166  -3.07918  -6.01908  -3.81903  -8.6764  -4.9506  -6.0038  -4.59552  -5.50573  -6.61945  -3.61628  -5.27194  -5.0063  -3.10789  -5.63684  -12.427  -6.60701  -1.39334  -3.20918 
-6.27088  -4.92575  -3.74275  -4.06478  -4.81278  -2.301  -5.71984  -5.45354  -3.68247  -5.33498  -4.531  -2.18096  -2.96218  -3.13566  -2.267  -5.06801  -4.07085  -4.04179  -3.73623  -4.98666 
-7.52629  -6.04223  -6.85343  -6.34401  -4.14352  -4.7268  -5.25032  -4.34697  -2.17937  -2.41534  -6.14456  -6.11799  -3.0059  -3.11856  -6.983  -2.45059  -5.72661  -4.30318  -3.60013  -4.2336 
-4.48067  -7.31127  -5.44028  -2.23662  -2.99997  -5.41957  -5.51803  -6.71781  -10.8687  -4.61725  -7.70606  -6.92998  -5.53448  -4.78715  -7.1042  -3.33069  -2.50501  -4.1577  -5.89099  -4.55223 
-4.93238  -2.1287  -8.44134  -8.50242  -5.31004  -3.25832  -5.08168  -5.2505  -4.15575  -9.08555  -8.28768  -4.20495  -2.58316  -7.2206  -11.4606  -6.70093  -3.87018  -6.29555  -8.00018  -5.42968 
-7.21632  -4.8156  -3.78121  -5.33744  -6.30332  -6.98798  -2.03243  -1.87051  -4.60918  -4.2407  -9.95727  -6.79655  -5.87212  -5.79404  -2.74163  -4.70592  -4.58954  -2.22934  -5.91358  -4.90938 
-7.52119  -4.4964  -7.48755  -7.36582  -4.38147  -5.75028  -2.24639  -3.37653  -4.742  -5.46854  -2.33142  -2.63093  -5.04457  -4.67892  -7.04222  -5.7152  -3.43919  -5.66699  -6.33159  -4.3629 
-7.77429  -3.3436  -2.98032  -1.92069  -5.53893  -3.28334  -4.36991  -1.78346  -4.29933  -3.67765  -3.16294  -1.99612  -2.69933  -5.70242  -3.37261  -4.78914  -2.52301  -4.92211  -3.31047  -3.13394 
-7.15003  -6.63437  -7.58175  -4.09583  -4.23712  -3.55728  -3.74438  -6.13878  -8.43672  -7.25792  -7.19738  -3.29041  -2.61769  -6.16249  -4.61017  -6.50075  -2.85461  -3.4103  -6.85019  -7.10902 
-7.33109  -2.18584  -3.43613  -7.11364  -5.56899  -8.10821  -1.65909  -7.1873  -5.92921  -7.36154  -9.34168  -1.95443  -9.01759  -3.30593  -6.66871  -3.82625  -2.15714  -1.986  -3.92133  -3.90097 
-7.70509  -5.42278  -5.83205  -2.8452  -3.02095  -5.50921  -4.15007  -4.85077  -9.13173  -2.15688  -7.9688  -5.36876  -7.24149  -4.15844  -8.84985  -4.75435  -7.82549  -5.96538  -3.28974  -6.96017 
-5.95998  -1.6937  -2.06705  -3.76488  -3.86465  -5.62507  -7.85504  -7.77318  -4.91453  -4.77015  -4.21947  -6.63875  -7.2877  -1.7267  -3.14642  -4.02035  -2.34924  -3.2404  -4.44342  -3.07888 
-8.17715  -5.80092  -6.29143  -4.5615  -7.11922  -3.42543  -3.6297  -2.0876  -7.15138  -7.77351  -4.12386  -5.13182  -7.95584  -0.979528  -2.50894  -8.89233  -2.36835  -1.55153  -2.86386  -2.99505  -0.0580048  -6.3788  -5.01981  -13.0083 
-5.49869  -4.06762  -9.25452  -7.32828  -2.68689  -2.20452  -5.50233  -2.70006  -4.95648  -5.50245  -6.44088  -8.80815  -5.95618  -6.723  -3.66823  -5.59382  -2.1221  -4.35646  -4.98052  -5.05308 
-8.64498  -2.65323  -9.20146  -3.93057  -3.54486  -5.80523  -1.82549  -6.15875  -3.76565  -4.4133  -3.89256  -8.38544  -9.04147  -7.97321  -2.15453  -4.48375  -6.79451  -3.39121  -3.35189  -4.27034 
-2.64111  -5.47418  -5.19947  -5.4948  -5.26287  -1.74836  -2.41545  -1.91517  -4.91419  -6.47664  -6.54034  -4.79378  -6.73697  -3.54977  -7.48549  -3.38651  -3.95584  -2.45717  -4.37734  -2.99697 
-5.83439  -4.04566  -4.28492  -7.3153  -7.15016  -3.83993  -6.62534  -2.35681  -5.5726  -9.87912  -6.51335  -3.12166  -6.73963  -5.02805  -5.19436  -4.33652  -4.74228  -7.59104  -4.38645  -5.88657 
-2.80249  -4.41831  -2.69226  -3.66608  -2.10916  -7.14251  -2.27979  -3.77771  -3.11839  -5.66832  -6.30976  -2.7585  -2.40809  -1.79757  -2.89657  -6.30213  -4.00036  -4.60992  -5.90827  -3.18582 
-4.20812  -5.44901  -5.56406  -3.81964  -4.16408  -3.71335  -3.11593  -5.94758  -0.939537  -3.49261  -3.53096  -1.38464  -2.58718  -5.44365  -3.41627  -9.75985  -4.99791  -2.61982  -3.35734  -1.39101  -9.48888  -0.000112476  -6.73349  -10.5419 
-0.803159  -2.40113  -3.9437  -7.15397  -6.16724  -3.25805  -3.78305  -7.31269  -5.00237  -4.40034  -7.54671  -5.0377  -7.90514  -6.19945  -6.60988  -3.52652  -2.66768  -2.50216  -6.47484  -8.27767 
-7.20116  -4.10619  -1.55851  -5.48679  -3.36933  -1.29269  -1.13951  -1.61322  -3.58368  -2.3716  -4.29666  -1.49803  -4.29723  -3.44397  -4.24539  -2.03121  -1.53779  -2.69266  -5.74484  -3.98985 
-2.72675  -2.60553  -3.64659  -6.45236  -5.86409  -6.73789  -1.84597  -5.48887  -3.77838  -8.32938  -6.20171  -2.42114  -6.44883  -5.98927  -3.681  -2.67888  -4.5909  -6.21176  -2.09026  -7.17547 
-3.55421  -9.08971  -1.81955  -8.0354  -4.07233  -4.74344  -4.65436  -4.25345  -3.20081  -3.88514  -6.26241  -1.19326  -9.40689  -4.05725  -8.79602  -8.08325  -4.70793  -6.37679  -3.24189  -2.49404 
-7.91397  -7.01687  -6.37802  -6.30331  -7.05396  -7.52014  -4.65806  -3.96801  -6.87093  -5.70179  -6.69362  -9.21031  -6.09912  -8.3528  -4.73617  -3.43892  -7.30316  -3.75461  -3.28873  -4.60661  -3.92302  -8.92202  -1.14796  -9.83407 
-3.33737  -8.76736  -2.67929  -5.30458  -3.43122  -7.03427  -2.57233  -5.07291  -6.71258  -4.08627  -5.59347  -7.52186  -5.27986  -3.89799  -6.63785  -4.36947  -3.57435  -4.17349  -8.84093  -4.05184 
-3.54163  -5.53659  -6.99665  -6.06165  -5.34026  -3.96136  -6.21829  -4.30522  -10.7686  -10.6014  -6.62222  -6.2947  -6.21907  -4.16213  -5.5004  -5.12291  -7.16532  -4.31736  -6.93285  -4.04068 
-5.90562  -4.87961  -3.13225  -4.81762  -4.87124  -6.63069  -4.44355  -5.83279  -6.1762  -7.67577  -5.21193  -5.84906  -6.84326  -7.4442  -6.28027  -8.98476  -6.29771  -6.75375  -1.82806  -2.39455  -0.560818  -8.03945  -2.53799  -12.7353 
-4.34677  -4.63484  -7.19607  -7.03174  -5.82948  -5.51678  -2.73308  -11.357  -7.0611  -9.15172  -8.52508  -6.80867  -7.26969  -3.24272  -3.95125  -5.42702  -4.35283  -4.47353  -3.51501  -4.76244 
-5.08269  -4.59263  -3.03535  -5.05907  -4.70541  -4.44173  -4.75916  -4.29139  -4.69597  -3.81682  -5.29363  -3.3814  -4.24612  -3.17908  -3.26746  -5.71968  -4.2873  -1.48603  -2.48044  -3.34838 
-8.77679  -2.92657  -2.39276  -6.15344  -1.93639  -5.52701  -3.65806  -4.536  -5.05648  -8.55051  -8.11082  -5.69503  -2.95792  -3.3639  -2.32732  -4.19421  -4.73921  -4.14569  -5.6721  -6.5273 
-3.02664  -6.05412  -6.98563  -4.69272  -7.89797  -1.84273  -4.5558  -8.06004  -3.97412  -9.19904  -4.34796  -6.28676  -2.43472  -8.08846  -6.7335  -5.32925  -3.6135  -6.15848  -6.35981  -2.88539 
-8.60091  -7.38078  -6.69459  -6.44258  -3.63927  -7.95583  -6.76623  -1.8488  -5.48072  -3.77206  -7.61511  -8.30557  -5.97645  -7.14108  -8.78626  -4.49199  -4.65723  -8.18432  -6.72512  -2.48583 
-6.49725  -2.50211  -2.16463  -3.31214  -5.99102  -6.65869  -6.5703  -4.57304  -5.67565  -6.22075  -3.03592  -3.78001  -7.73694  -6.14578  -4.28619  -5.42309  -8.3568  -3.38079  -2.01995  -7.87693  -0.00977844  -5.78472  -7.103  -13.384 
-9.34913  -2.9038  -2.46372  -6.21291  -4.19222  -8.07668  -6.98561  -5.36332  -6.0643  -3.89822  -3.28017  -6.32298  -3.51527  -8.45258  -4.01922  -3.65736  -4.11362  -6.01416  -4.40639  -6.29484 
-8.12206  -6.15048  -6.03341  -3.16559  -1.56014  -5.62211  -8.41605  -7.37577  -6.94579  -7.03587  -2.93554  -9.00054  -1.26951  -1.74837  -1.77181  -7.41322  -2.99706  -2.17303  -2.53171  -7.79795 
-6.62448  -4.75443  -7.23835  -3.72206  -4.70789  -4.68836  -5.3936  -9.48352  -4.86947  -3.99436  -4.86075  -4.29448  -2.00269  -4.80256  -2.77982  -3.14484  -3.90443  -7.35019  -5.60661  -3.39363 
-7.76685  -3.17765  -2.60138  -8.45962  -6.23763  -5.6602  -6.22598  -6.25737  -3.61902  -6.94334  -7.89212  -6.90946  -6.66972  -3.62055  -7.32874  -5.19042  -6.2757  -6.51719  -2.66365  -3.28592 
-6.01289  -2.98192  -2.5365  -7.42337  -3.09218  -7.65314  -3.01403  -6.58757  -6.73413  -4.29297  -3.19177  -3.35749  -5.85893  -5.31783  -9.72503  -5.35357  -3.37812  -6.11102  -5.79005  -5.94098 
-8.60525  -7.58367  -2.57999  -9.16598  -7.6365  -5.89233  -6.15059  -5.82661  -5.24752  -8.33475  -9.07281  -8.54521  -3.12171  -8.86175  -6.18181  -8.00531  -4.42088  -2.47464  -8.87023  -4.26376 
-6.74469  -4.07412  -4.92953  -5.12571  -3.81881  -2.90976  -6.7888  -5.42629  -3.86759  -1.87131  -8.53614  -7.44245  -4.10732  -4.2695  -1.92969  -7.84187  -1.84611  -5.91427  -6.03537  -6.34228 
-5.58476  -8.19547  -5.79528  -5.63513  -3.20167  -6.08858  -4.11003  -2.18094  -1.89318  -8.78405  -8.05968  -7.20833  -4.79383  -2.19643  -1.6011  -3.90323  -10.2356  -7.66334  -3.33379  -3.92806 
-3.38548  -5.23831  -5.07153  -4.0253  -8.22105  -4.70286  -7.07671  -8.75261  -5.78651  -7.76687  -5.4268  -4.38111  -4.83011  -4.29543  -7.17914  -5.98659  -8.50676  -5.44263  -4.2439  -2.97022  -10.8288  -2.06366  -2.25475  -7.01119 
-7.04053  -2.50828  -1.83982  -4.79287  -6.77314  -2.11095  -2.60967  -10.2746  -3.32259  -8.09592  -4.16348  -4.98577  -5.29256  -1.72856  -6.34572  -5.16428  -7.00683  -6.0482  -4.06705  -5.47421 
-7.23271  -4.78576  -2.06618  -2.53587  -7.62152  -5.42949  -5.21498  -3.1212  -1.88187  -6.36507  -2.86533  -6.7194  -3.48141  -3.00974  -7.98202  -1.86404  -5.26978  -6.58079  -4.36811  -4.69694 
-5.43703  -4.77625  -5.49749  -5.71629  -5.86812  -4.52386  -4.73088  -5.55063  -4.54535  -4.8311  -3.67039  -3.3779  -4.73908  -6.56072  -8.59918  -5.66822  -5.71314  -3.01508  -3.99501  -6.78455 
-5.78175  -4.28116  -3.75498  -7.38763  -5.07445  -3.13931  -7.95861  -6.6296  -2.5975  -2.86055  -9.66465  -5.30407  -9.31946  -5.23462  -3.10205  -9.61004  -4.09024  -5.62548  -4.24816  -5.68613 
-3.12178  -2.33857  -2.44817  -8.43845  -7.59156  -2.93213  -6.5116  -9.03489  -5.42305  -3.82498  -6.46035  -6.03481  -5.19058  -3.68627  -3.5121  -3.81753  -6.23263  -3.93463  -2.50227  -5.66929 
-6.66333  -3.85649  -3.68494  -4.78094  -2.95773  -6.30673  -5.63394  -3.63694  -7.03011  -6.04292  -8.12124  -7.096  -3.6832  -5.43297  -3.02726  -5.94921  -4.46303  -6.64765  -5.07501  -3.74541  -12.6193  -0.0207294  -2.06386  -9.9958 
-6.3386  -2.85998  -5.49246  -3.27834  -5.50526  -7.45066  -3.39674  -5.65565  -2.86772  -8.31895  -6.16905  -6.93553  -7.25721  -9.43489  -2.72162  -3.06954  -5.64844  -2.6129  -2.49575  -2.01976 
-5.30257  -5.77136  -2.33826  -2.26518  -6.22782  -6.01521  -4.43531  -8.7754  -5.05568  -9.67877  -6.59903  -7.66523  -5.6468  -2.56424  -4.3595  -2.8481  -8.2032  -7.57592  -5.22707  -5.42138 
-8.51391  -3.12604  -3.92602  -1.83172  -3.46325  -1.82315  -8.37652  -9.70357  -3.2593  -3.41727  -2.19588  -2.67096  -8.70462  -3.90272  -6.85024  -8.06083  -3.69953  -2.80441  -4.4104  -2.0634 
-3.38418  -5.11859  -4.21877  -5.12999  -4.29573  -3.99969  -2.08533  -7.3095  -8.49935  -4.11018  -8.05169  -5.58068  -4.20752  -4.73688  -3.7141  -4.74577  -2.55345  -2.84727  -6.88241  -3.38135  -5.12544  -11.2176  -0.0148355  -10.0624 
-7.65104  -8.69585  -6.27668  -2.192  -2.75164  -3.10472  -3.57296  -5.34697  -3.89632  -5.08546  -8.8224  -5.10904  -2.74801  -2.3071  -4.10534  -3.7388  -6.8213  -2.30195  -3.37649  -7.20771 
-6.01289  -3.13084  -3.64268  -3.01403  -7.01707  -2.81823  -4.48564  -9.20191  -5.43389  -9.4966  -5.31783  -7.01902  -3.63791  -7.94995  -3.37812  -3.38555  -6.15314  -10.7289  -3.9387  -4.76535 
-5.84661  -6.92224  -7.13351  -7.63969  -7.44866  -2.8342  -5.82989  -5.75777  -7.62516  -6.30506  -8.41169  -7.41066  -7.59184  -4.47554  -1.80527  -9.29329  -6.66826  -7.51912  -4.06016  -4.8584  -8.95669  -6.10914  -4.30876  -5.02673 
-7.40735  -7.68853  -4.90798  -8.09095  -4.61698  -6.32526  -8.5631  -4.87667  -6.94192  -4.97045  -5.76255  -6.408  -4.47406  -7.0424  -5.22865  -6.13873  -3.98505  -8.93867  -2.91445  -8.18818 
-8.80253  -3.39571  -6.4742  -8.87906  -3.11234  -3.29791  -4.29565  -2.91383  -9.54776  -5.23049  -8.84349  -8.06318  -7.08116  -3.36192  -5.45769  -5.95827  -4.32065  -4.30702  -5.85084  -3.87974 
-6.23353  -7.40333  -7.66508  -5.01696  -6.3244  -1.97216  -10.3131  -7.95671  -10.297  -7.85647  -4.0836  -5.31514  -9.59535  -3.09447  -4.93994  -7.33353  -2.12394  -1.89632  -7.13642  -3.05507 
-7.44425  -7.15428  -6.04962  -6.49081  -3.54125  -5.68234  -5.86488  -3.00333  -6.78831  -8.50017  -6.15102  -8.83722  -5.9502  -7.05937  -7.73738  -3.34806  -5.77703  -6.56576  -2.82006  -3.39973 
-7.33351  -5.9465  -2.3167  -5.06968  -4.40988  -5.56851  -1.51481  -9.73845  -7.58506  -4.09145  -7.84814  -7.70571  -8.37168  -2.3442  -6.58466  -1.424  -6.89008  -2.56522  -3.96487  -5.86803  -0.391364  -9.03847  -1.34736  -13.1996 
-3.09725  -2.93139  -6.00086  -5.5694  -6.89478  -3.22116  -7.69294  -2.33895  -3.03588  -2.94149  -2.78463  -7.74014  -7.60695  -5.74303  -6.94587  -3.11012  -2.11116  -3.91794  -1.99924  -3.46331 
-6.25133  -7.79746  -2.99883  -4.38101  -4.97778  -4.61128  -4.4974  -7.81242  -7.64025  -3.80914  -6.20684  -3.70184  -4.7305  -5.04298  -8.12792  -7.20723  -2.99838  -2.34459  -4.90684  -6.36005 
-7.73117  -4.18089  -3.55599  -7.1139  -2.87092  -3.53441  -8.20775  -8.64745  -3.82479  -3.2619  -4.84557  -10.23  -3.74425  -3.65726  -3.38604  -8.85824  -3.51884  -3.34895  -7.18485  -6.7279 
-5.9875  -7.66909  -4.93174  -2.00777  -4.37985  -4.14734  -9.486  -3.85708  -4.35571  -3.35656  -5.38545  -6.45053  -6.72445  -4.30661  -4.01564  -4.69281  -2.48249  -4.02527  -5.06447  -6.77883 
-5.51913  -5.57915  -3.15703  -6.43501  -4.85126  -3.95441  -5.20537  -4.63928  -4.33625  -6.27529  -5.37604  -3.32567  -5.16213  -2.91444  -3.03759  -5.96393  -3.82835  -5.87682  -6.93468  -3.52512  -2.73937  -4.20335  -0.548043  -14.8138 
-2.26477  -2.53815  -3.5015  -4.53129  -3.09034  -5.2973  -6.09131  -3.2921  -4.94083  -3.64434  -3.67758  -4.27191  -6.12965  -6.79077  -4.77282  -2.65721  -7.67005  -2.63943  -5.65348  -4.62264 
-7.14461  -6.582  -3.35642  -3.66399  -7.27123  -5.93475  -5.08589  -7.68101  -4.91501  -5.92182  -4.99699  -9.01504  -4.68945  -7.1057  -5.95483  -5.55983  -2.67368  -8.42388  -3.92567  -4.5831  -4.26024  -9.40415  -0.338244  -10.4249 
-2.82386  -6.00789  -2.18444  -4.37642  -4.22855  -3.46292  -2.90574  -5.41778  -3.30728  -5.18323  -4.77629  -3.70026  -3.14274  -5.98485  -6.3546  -5.61599  -4.28619  -2.45864  -5.61989  -4.63116 
-3.39062  -2.86062  -2.04798  -9.3961  -6.69401  -3.56614  -4.06231  -8.12027  -5.25418  -3.48659  -2.88437  -7.05081  -2.84972  -2.77915  -10.9475  -5.36308  -3.75124  -3.8438  -4.71901  -5.15009 
-3.95166  -2.63807  -4.52762  -1.33552  -3.13219  -1.76625  -1.65875  -4.74068  -1.96338  -2.04522  -3.71565  -3.27038  -3.17457  -4.12202  -1.84768  -1.5688  -1.53609  -3.68507  -5.19707  -2.56171 
-4.03662  -4.38159  -5.47576  -5.06226  -5.1604  -4.16571  -7.31112  -7.30681  -4.97388  -5.97105  -4.80404  -5.80605  -1.6091  -5.84518  -2.21432  -2.56263  -4.30605  -1.55575  -2.74456  -4.2676  -2.02966  -7.34144  -4.51982  -8.28721 
-7.98152  -5.20267  -2.88272  -4.56565  -4.49465  -8.2449  -1.98895  -3.29809  -7.32763  -2.82757  -6.71206  -8.76107  -4.90071  -5.82065  -4.28052  -2.76574  -5.78385  -3.96543  -3.46892  -6.97105 
-5.00334  -8.12206  -4.66569  -5.57433  -2.76354  -6.43032  -7.42655  -4.70056  -1.5673  -4.86666  -5.20775  -4.34972  -5.86269  -6.39905  -1.47543  -6.18079  -7.07277  -4.31993  -4.66259  -4.73363 
-1.20997  -5.54244  -4.61444  -4.86728  -2.5349  -1.21008  -4.95723  -6.3745  -1.51623  -1.73292  -3.71966  -3.97617  -3.69538  -1.1576  -1.15646  -2.53192  -1.65322  -3.40029  -0.951233  -1.29242 
-5.88001  -2.6476  -2.40624  -4.09578  -7.89926  -6.66487  -5.50219  -6.99969  -5.30283  -4.13854  -2.86286  -7.02416  -8.51251  -5.56046  -5.72761  -6.61081  -10.769  -2.96356  -3.87757  -2.30343 
-5.76768  -3.09992  -5.37204  -7.7987  -7.53518  -3.77652  -6.41763  -4.2561  -7.86919  -6.60096  -4.41911  -8.65253  -5.88843  -5.41999  -4.81274  -5.16362  -2.05621  -4.22012  -6.71999  -5.06216  -12.0246  -5.05515  -1.51671  -4.69761 
-6.04972  -7.30183  -6.11381  -4.60235  -7.01824  -5.69451  -5.89054  -6.90245  -2.38138  -6.67414  -2.67577  -1.66695  -1.66866  -6.14102  -3.28916  -2.16386  -3.3549  -2.23497  -6.58124  -3.00702 
-5.6966  -2.17375  -2.25378  -3.7545  -6.27375  -2.41727  -2.85299  -8.23679  -7.89128  -2.68089  -6.69203  -7.82164  -1.40172  -4.72143  -2.77873  -8.25737  -2.31223  -4.82558  -1.29519  -3.42707  -0.119491  -7.24365  -3.68143  -12.5892 
-7.89617  -7.48471  -5.51055  -5.53486  -2.70065  -3.47323  -5.75652  -6.27299  -6.40345  -4.619  -9.28083  -2.84114  -7.72683  -7.71915  -8.1018  -8.63926  -1.51964  -2.27474  -8.14898  -0.309544 
-6.44866  -3.54451  -9.14035  -4.23286  -2.9098  -5.47088  -6.30416  -8.48106  -2.6588  -3.86785  -4.44344  -3.74944  -7.91882  -3.39683  -6.73081  -3.34465  -6.90288  -6.18324  -4.16224  -2.00327 
-7.10705  -3.65034  -5.74273  -4.3708  -5.5677  -3.57621  -7.64268  -5.52537  -3.74999  -4.4591  -7.5415  -3.92569  -3.15826  -2.67403  -8.69438  -4.47031  -1.61035  -5.58724  -6.77346  -3.15685 
-6.83908  -6.76295  -5.65272  -6.16997  -3.50607  -5.29853  -2.59663  -3.98642  -5.45199  -5.11023  -5.63574  -6.75964  -4.64452  -4.54241  -6.9872  -8.67369  -3.55168  -6.22733  -5.8442  -5.47764  -7.75915  -6.14378  -2.17867  -7.36746 
-5.42396  -4.19337  -4.83828  -9.04416  -6.98086  -6.04807  -2.83065  -2.68332  -4.62804  -8.13502  -7.55168  -5.03578  -5.44345  -7.63893  -3.56657  -7.631  -4.6021  -6.12887  -3.28367  -8.36223 
-7.36767  -3.57779  -3.18824  -3.97804  -3.46671  -7.65311  -4.158  -7.98077  -8.49709  -5.23983  -5.46115  -7.68295  -5.91136  -3.27176  -8.73324  -3.95949  -6.88817  -2.86138  -8.16867  -4.17801 
-7.84088  -5.66503  -2.76178  -6.77599  -4.69584  -5.7599  -5.97697  -2.2936  -4.41169  -6.18619  -6.38648  -6.4779  -8.80675  -3.34305  -3.67459  -1.52524  -4.34389  -2.71044  -4.6632  -2.70124 
-2.39617  -4.17988  -6.1563  -3.16017  -7.09315  -2.44284  -8.09376  -3.43642  -5.25424  -6.43505  -3.56604  -5.34678  -5.43523  -3.8593  -6.43063  -5.5993  -3.2703  -5.12332  -5.86213  -3.05158  -10.6844  -10.021  -0.00511966  -6.65577 
-6.42566  -2.05622  -5.99329  -2.74251  -5.86906  -10.194  -6.14559  -2.77891  -8.17793  -10.0841  -5.03085  -4.05919  -5.13582  -5.29277  -1.80189  -2.39574  -3.55249  -3.28424  -4.66734  -3.22658 
-6.51669  -6.83222  -4.09807  -8.56324  -4.20959  -6.11579  -6.31748  -5.19267  -8.87549  -6.44376  -5.76245  -7.6547  -4.85031  -5.5689  -5.77339  -4.65351  -5.5151  -6.69641  -8.51157  -5.85776  -9.68734  -9.08521  -5.10843  -1.23358 
-4.37014  -7.41967  -7.17493  -4.90954  -2.94734  -4.93008  -6.5103  -2.35176  -1.74648  -6.12659  -6.11124  -4.29252  -2.21955  -6.48247  -3.38427  -4.61859  -6.23279  -5.70728  -6.37873  -1.89603 
-5.66121  -3.24105  -1.36312  -2.22785  -4.06637  -3.40477  -5.64144  -6.57807  -8.24864  -5.92623  -8.21125  -2.4934  -4.50167  -5.31415  -2.54268  -6.87956  -1.8137  -2.28363  -5.96816  -1.97769 
-1.73753  -4.64729  -7.19732  -8.73552  -6.94743  -5.90646  -1.68598  -4.58593  -5.47238  -4.69771  -5.34318  -8.77772  -3.9831  -6.78617  -2.96478  -3.04685  -5.73165  -4.3216  -5.36971  -5.16515 
-8.62633  -3.56937  -3.64438  -5.83464  -6.55139  -1.86101  -7.48288  -6.35677  -6.9414  -3.13617  -6.11372  -7.42952  -5.70553  -2.65611  -8.94292  -3.91113  -6.19048  -8.48687  -2.7843  -3.42931 
-5.87121  -6.07304  -2.67212  -4.67712  -6.15009  -6.8314  -5.93848  -6.62201  -3.1524  -5.09218  -6.41702  -2.46127  -3.37409  -7.75211  -3.4588  -3.82933  -4.68721  -3.05829  -3.97089  -5.81708 
-4.93503  -1.1928  -6.68479  -2.4427  -3.1592  -5.34247  -3.62776  -7.35962  -8.38714  -7.64418  -4.26537  -9.20017  -7.58638  -5.59654  -4.60169  -3.91643  -2.35587  -3.00579  -3.80712  -2.19269  -0.107092  -8.85446  -5.61489  -10.0041 
-8.27535  -7.57764  -5.58569  -6.88253  -6.65081  -7.67692  -4.77398  -6.66856  -5.63421  -9.20688  -2.50397  -2.54855  -2.07696  -3.34784  -3.30502  -4.13047  -6.54344  -5.98685  -1.1334  -7.06692 
-2.73545  -6.98474  -3.76535  -2.72582  -3.24001  -5.75557  -3.37694  -5.32024  -5.78663  -7.35952  -4.06465  -7.30745  -5.26647  -3.17931  -7.72374  -10.6919  -4.0846  -3.19587  -4.43288  -8.02593 
-6.23369  -3.46765  -5.8444  -1.62444  -5.16808  -4.98389  -0.996322  -2.5539  -3.8219  -3.25206  -3.19869  -3.24455  -1.22756  -6.31108  -5.53665  -3.58642  -1.86398  -2.11087  -1.20998  -4.05905  -14.3279  -11.8956  -0.00553827  -1.58455 
-4.77005  -7.57553  -2.66996  -5.10903  -4.30125  -2.24156  -4.02006  -2.74252  -4.28355  -2.33779  -1.66463  -10.1333  -9.68515  -3.93837  -5.88979  -5.4327  -3.97868  -2.19539  -1.61232  -6.0624 
-2.57  -2.94133  -6.5636  -2.4417  -6.40635  -8.92646  -3.8634  -3.91432  -5.11121  -6.52112  -7.23013  -1.84238  -5.50663  -5.88507  -7.11427  -3.64273  -2.24862  -5.2508  -3.55154  -6.84015  -0.4861  -9.11723  -3.74522  -10.0796 
-5.88218  -6.0094  -6.94852  -4.65854  -4.57066  -4.76367  -8.23499  -4.67391  -1.79412  -4.52348  -4.25782  -2.95063  -4.46742  -1.93127  -5.04828  -5.17176  -3.08925  -3.94297  -5.60003  -2.65849 
-8.75696  -6.57117  -7.70367  -7.92858  -8.71929  -6.30172  -5.19698  -4.01159  -4.03276  -5.82721  -6.13407  -5.55666  -4.24718  -3.08896  -3.86361  -4.75027  -7.13814  -4.98037  -4.36122  -3.09792  -10.547  -1.65754  -1.92804  -7.95405 
-5.66623  -3.40588  -5.09708  -5.70262  -3.03645  -7.77567  -4.23674  -3.53177  -3.29643  -3.57515  -9.70635  -6.122  -6.20995  -7.2894  -7.65617  -6.35565  -3.15525  -5.05665  -3.82402  -5.85998 
-7.41764  -7.27383  -4.77715  -4.85823  -4.66973  -4.61659  -10.7104  -5.83202  -3.07072  -7.17041  -4.07524  -1.56674  -3.01076  -5.6446  -3.65424  -1.07251  -4.29467  -5.35655  -1.88473  -2.79097 
-6.02753  -5.78959  -4.73529  -2.43253  -7.39048  -2.83249  -7.02365  -7.6741  -6.00816  -3.97371  -2.37718  -3.17382  -7.89707  -1.65287  -5.53376  -4.72592  -2.50091  -4.96592  -5.41123  -5.85278 
-5.80998  -6.74041  -5.38535  -5.0933  -2.93093  -2.49765  -2.73572  -2.53302  -5.22093  -4.1423  -5.71645  -8.15402  -4.09997  -2.86163  -1.71641  -4.06189  -7.62505  -3.82846  -6.23  -3.56277 
-7.12533  -4.85064  -5.52647  -4.74723  -3.47808  -4.24015  -6.91938  -4.04952  -6.04183  -1.8352  -3.90198  -5.9058  -3.69454  -2.18962  -8.30222  -2.38285  -8.00691  -1.95467  -7.59844  -3.1714 
-6.07779  -4.79473  -4.60407  -2.00306  -5.31082  -7.68023  -6.53372  -5.86527  -7.31277  -8.59686  -7.44769  -4.43392  -7.12539  -3.79095  -2.0107  -3.16648  -6.52478  -3.14569  -2.98136  -3.4256 
-5.41209  -5.54161  -4.29258  -6.91399  -3.89177  -6.70116  -5.61181  -8.22082  -5.04744  -5.16303  -6.66949  -3.23708  -6.83466  -6.51187  -8.69218  -4.09118  -4.90106  -6.97716  -3.06766  -5.45592  -10.528  -10.0779  -3.05752  -0.664891 
-7.71666  -4.66875  -5.95232  -2.57313  -6.48927  -6.20669  -3.58516  -3.6638  -5.11704  -5.29961  -6.17132  -2.40386  -3.6306  -6.92326  -9.21646  -5.06566  -4.29584  -4.94901  -3.45049  -3.35882 
-8.59828  -2.96593  -3.10327  -8.49727  -7.38487  -3.8304  -8.06137  -6.80424  -4.65818  -5.95065  -7.38449  -6.21603  -9.50039  -2.93445  -1.5339  -2.29196  -3.87927  -3.69233  -3.66074  -3.12882 
-6.29519  -1.6159  -3.34436  -0.916438  -3.35829  -6.65437  -7.4102  -5.87121  -7.47223  -8.6932  -1.87293  -2.26886  -1.18367  -5.8151  -6.70569  -3.73732  -6.20756  -2.4292  -5.13737  -2.34059 
-2.15311  -1.75977  -1.12803  -5.22647  -2.3775  -8.48742  -0.888771  -3.39248  -5.41989  -4.09529  -6.77228  -2.51477  -6.18984  -2.07265  -1.3642  -7.06959  -6.1702  -2.86422  -2.53018  -2.61463 
-8.88601  -4.17849  -4.61129  -4.20552  -5.56992  -7.1203  -4.09835  -6.40482  -7.90929  -7.98067  -4.92646  -8.4027  -5.70215  -2.17124  -2.7246  -7.27946  -4.0213  -2.93972  -4.35989  -3.26548  -12.7415  -3.68856  -3.81611  -2.37588 
-8.41269  -6.53417  -2.64028  -5.94631  -3.10185  -3.82266  -2.89057  -5.33391  -8.06023  -8.69059  -3.13809  -7.37651  -2.98529  -2.44608  -3.91223  -6.67806  -7.6366  -2.80621  -3.71371  -4.00281 
-5.31045  -3.88876  -5.22553  -1.9452  -5.98182  -3.75915  -6.77896  -2.89204  -3.0454  -4.09253  -8.09284  -7.07649  -2.74238  -7.66866  -5.42047  -10.1484  -5.151  -4.10758  -3.86639  -4.4391 
-6.33864  -2.75451  -1.85399  -8.66003  -8.41028  -3.06648  -3.72925  -2.24658  -6.13332  -2.98034  -5.2953  -4.17054  -4.82022  -4.93809  -6.61206  -5.2467  -8.41052  -5.67516  -3.7636  -5.1109 
-4.97128  -3.15318  -5.04012  -4.81234  -5.57986  -2.01106  -8.61024  -7.55826  -4.31551  -5.00334  -3.88679  -9.17128  -5.75978  -6.56699  -3.84824  -2.16314  -3.29972  -4.01595  -2.49935  -6.77795 
-5.6926  -8.01161  -7.50438  -2.63768  -3.5612  -7.05238  -2.01184  -4.46009  -7.29418  -4.85412  -4.7755  -4.34171  -5.41512  -8.89711  -2.26269  -4.12144  -7.29331  -1.5889  -6.07018  -3.02973 
-7.13059  -10.1003  -8.08248  -7.09676  -3.24206  -8.50366  -2.92335  -5.71291  -3.49505  -3.28997  -6.4655  -7.19125  -5.11631  -8.98845  -3.41903  -11.3848  -5.94152  -4.45126  -7.99407  -5.38074 
-8.07056  -5.41427  -4.74653  -5.8694  -7.19447  -2.7858  -4.93528  -5.78592  -6.26842  -2.46392  -4.8375  -6.33158  -8.15514  -6.35186  -2.25449  -2.67332  -5.30661  -2.32298  -4.29106  -2.73369 
-9.51282  -6.66727  -5.84395  -7.16319  -6.49022  -3.89749  -2.09335  -6.13115  -4.57721  -3.92786  -7.12326  -4.23356  -2.34647  -6.84276  -3.17628  -11.4954  -3.18443  -5.40719  -3.96194  -2.12039 
-8.28956  -7.13181  -2.56333  -5.38028  -7.61935  -7.42891  -6.03445  -7.26049  -7.20166  -9.53855  -4.5712  -3.59684  -7.79124  -8.14848  -2.18614  -3.38962  -2.75592  -8.62042  -6.68682  -6.25838 
-2.63197  -2.35602  -9.35419  -4.98367  -5.13382  -4.3789  -8.63911  -4.95562  -4.56768  -8.92796  -5.27243  -2.99599  -2.73468  -3.19779  -10.0847  -5.60124  -5.47275  -7.26416  -3.65981  -5.72807 
-7.91761  -5.75767  -3.34084  -4.34276  -2.88911  -5.0102  -6.65429  -7.36797  -4.94539  -7.65171  -5.7339  -6.95954  -3.94794  -9.2717  -2.1206  -8.60185  -5.26309  -2.64014  -3.4311  -4.29335  -1.08801  -8.57861  -1.86931  -12.3196 
-8.54207  -5.10325  -4.6157  -3.27593  -7.64575  -1.84346  -6.57196  -5.89703  -6.38156  -4.95087  -4.84226  -4.96063  -2.57932  -2.8471  -10.9751  -2.7247  -4.3873  -2.60785  -4.9266  -4.92299 
-8.73417  -9.36348  -3.6433  -3.48067  -3.50635  -6.3157  -2.68865  -7.63071  -3.13535  -9.38263  -2.64684  -8.76587  -3.2536  -5.69788  -3.84058  -3.92436  -8.45466  -4.55167  -1.82213  -7.60886 
-7.99201  -3.86082  -8.08487  -2.02223  -3.35986  -8.78159  -5.43471  -6.87219  -5.1051  -4.29704  -5.12434  -11.4034  -5.22686  -7.35027  -4.48215  -6.80022  -5.41169  -3.68898  -8.97733  -7.13387 
-6.35742  -3.43838  -6.67104  -4.66272  -3.60356  -3.49597  -3.97418  -6.38722  -3.88416  -3.6915  -4.58034  -3.28606  -5.15245  -3.45023  -2.01187  -6.68321  -3.06006  -5.31012  -6.23495  -6.25605 
-7.24924  -4.46165  -5.28657  -3.85809  -4.6319  -3.05381  -4.38316  -2.32845  -1.85408  -5.6725  -2.24974  -5.32082  -2.64646  -2.51599  -4.17938  -0.870049  -5.73474  -3.14555  -3.48804  -1.77995 
-7.59662  -5.3089  -4.65697  -5.88567  -7.24933  -4.11558  -5.8817  -4.66027  -5.72131  -5.96131  -8.76654  -3.55827  -5.4526  -3.93848  -4.66736  -3.74363  -4.97771  -6.288  -7.58356  -5.20695  -10.2741  -7.68699  -1.90393  -4.03489 
-8.45574  -3.04702  -2.91983  -3.20832  -6.18475  -7.88267  -3.13063  -8.8136  -3.67731  -7.76849  -6.19647  -7.23102  -3.23648  -4.10052  -4.76767  -7.64065  -8.3416  -3.50437  -4.30224  -6.29098 
-3.09556  -2.94059  -6.33891  -2.62703  -8.18862  -5.16698  -3.3041  -6.0376  -3.9618  -8.50018  -5.02054  -8.35838  -7.07133  -6.77488  -4.52995  -5.8039  -3.51802  -6.6173  -4.51257  -2.89077 
-8.53332  -5.21321  -6.27933  -3.12643  -8.22997  -4.15577  -6.9217  -5.3488  -6.70761  -5.66267  -5.65415  -4.32421  -7.7674  -7.3958  -6.91862  -5.49206  -3.24069  -5.88887  -5.70766  -6.46251  -9.80431  -6.74522  -0.535205  -7.57168 
-7.19359  -2.74637  -4.10685  -9.60018  -4.95035  -4.15381  -6.49747  -2.40499  -6.43905  -5.78643  -7.70617  -3.12998  -3.58083  -3.13928  -3.50787  -5.75233  -5.64844  -2.91558  -6.13439  -5.69947 
-3.62391  -6.74128  -5.83446  -5.96419  -2.89958  -8.38188  -8.91432  -8.92784  -9.51221  -9.16947  -7.46067  -3.67324  -3.47097  -7.02912  -9.99641  -2.83703  -8.93623  -7.06868  -3.84365  -2.47776 
-7.17864  -8.32582  -6.95375  -6.76333  -6.16189  -2.86324  -5.43254  -1.56022  -7.95105  -5.84901  -6.18592  -2.99245  -5.40918  -7.54696  -6.07018  -5.34531  -3.9595  -3.31896  -2.06895  -3.20003 
-2.12919  -6.08731  -6.29545  -7.10933  -4.7423  -2.892  -5.07106  -6.31218  -5.41228  -5.14746  -7.13609  -8.81881  -4.2531  -7.11687  -6.84237  -3.87924  -3.36013  -4.53192  -2.62943  -4.30005 
-3.62246  -5.27958  -4.61499  -7.11771  -3.59418  -2.68276  -2.81114  -5.22926  -6.59534  -5.48145  -6.47591  -5.32773  -3.20115  -8.84001  -7.44622  -10.9637  -4.12501  -2.94958  -7.72261  -2.48318 
-5.90017  -2.02265  -4.8343  -6.07042  -6.48313  -6.20194  -3.94811  -7.14425  -3.39484  -7.60066  -3.08201  -1.57009  -3.07695  -1.48249  -4.84981  -5.49508  -1.2926  -2.84363  -1.56677  -7.00506  -1.02245  -8.6828  -2.17442  -9.25771 
-3.3323  -5.08778  -7.43368  -2.00286  -4.78616  -4.42493  -8.80734  -4.27576  -7.3261  -4.321  -3.89218  -5.69795  -2.44909  -8.75602  -6.81214  -3.28085  -6.95737  -7.83969  -2.4342  -4.05053 
-3.61779  -5.45516  -5.79661  -6.82425  -6.01762  -6.04835  -4.62286  -3.77199  -1.66501  -4.37609  -3.84907  -4.28264  -2.22363  -2.34087  -3.41021  -1.71126  -5.91716  -4.21535  -4.80513  -4.51019 
-6.10008  -3.54784  -3.61613  -9.10489  -3.35644  -3.48102  -3.58095  -6.52267  -8.90291  -7.41672  -7.06299  -3.07627  -3.65952  -8.8524  -3.32345  -5.98648  -6.90661  -6.9785  -4.21982  -7.27978 
-5.37905  -6.01135  -4.7477  -3.62654  -6.46764  -6.62345  -5.28013  -2.52638  -3.40357  -4.65645  -6.65702  -4.01976  -7.59914  -4.13622  -5.14776  -5.11289  -7.46632  -2.59782  -5.95891  -3.83504 
-7.33234  -6.99806  -4.95586  -2.59126  -3.38314  -2.04949  -3.59555  -4.2286  -7.47505  -9.33544  -3.82902  -5.15434  -4.58308  -6.46064  -8.12137  -7.53217  -5.70519  -4.05223  -2.44749  -5.90231 
-2.14623  -3.37775  -2.99704  -7.56167  -4.17689  -5.85317  -4.42454  -1.80869  -6.55  -5.1676  -8.85534  -9.57457  -7.76538  -3.49707  -5.98836  -4.36243  -2.86242  -3.18302  -3.11754  -5.17394  -0.164798  -5.83783  -3.25552  -14.3721 
-3.57735  -6.01058  -4.57684  -5.05251  -5.68555  -7.57555  -3.63601  -8.27345  -2.30535  -2.85791  -6.65983  -9.36101  -6.01776  -5.73029  -7.55156  -2.95393  -7.20726  -3.98289  -5.60976  -7.16831 
-5.76884  -3.87444  -2.11146  -4.18545  -4.75047  -1.75061  -4.26523  -6.42803  -3.15762  -4.77366  -4.95724  -2.69939  -2.57342  -8.11675  -4.35524  -8.34253  -3.94011  -5.60199  -4.46549  -3.21686 
-5.42115  -2.87212  -4.36539  -9.83951  -3.63601  -3.14062  -2.68108  -4.54519  -4.85264  -2.93241  -3.28717  -8.62231  -6.01776  -7.53446  -9.49249  -7.62012  -2.89693  -4.74202  -5.97509  -7.81208 
-5.05134  -3.26729  -6.34136  -10.217  -5.56423  -7.44024  -2.63878  -8.50941  -4.0443  -2.99415  -4.86943  -5.34029  -3.43715  -9.58111  -7.68309  -6.57103  -7.8038  -6.35659  -4.97731  -4.43601 
-8.04594  -7.07413  -5.90395  -3.48765  -5.36389  -7.56095  -4.38888  -1.81661  -8.63235  -3.99298  -7.27059  -6.35856  -6.02078  -6.46583  -3.6517  -9.2429  -6.79335  -2.58463  -8.03019  -2.04265 
-7.81684  -5.64998  -4.78847  -4.42055  -5.95924  -6.64528  -4.63189  -4.65765  -5.07679  -5.28017  -2.59963  -8.06551  -5.39005  -4.84891  -3.98937  -4.94671  -4.97277  -1.51914  -4.73854  -6.22906 
-6.02017  -9.47709  -10.197  -3.21242  -7.14983  -4.3724  -6.22759  -5.17936  -6.93779  -5.23805  -6.20774  -8.48461  -3.56461  -12.063  -5.85672  -3.87116  -3.28629  -7.77782  -3.87824  -3.78127 
-5.48377  -2.73545  -4.95426  -9.85557  -3.76535  -7.2064  -3.24001  -4.37401  -4.69151  -9.96379  -3.86621  -4.06465  -7.30745  -3.02006  -9.0512  -3.17931  -3.77792  -11.0944  -7.37561  -2.50455 
-5.14355  -6.64874  -7.24756  -4.04911  -6.47382  -1.61597  -4.80353  -5.46015  -0.882615  -5.22227  -6.41754  -2.57821  -1.82993  -3.90841  -2.29346  -4.16454  -5.10699  -6.07824  -4.17532  -1.66918 
-8.51814  -6.64386  -6.29878  -3.44717  -6.22312  -3.03574  -6.86355  -8.47979  -1.8119  -7.53784  -2.4224  -6.95226  -7.07013  -3.41147  -2.1437  -2.77013  -2.88334  -3.47712  -3.99824  -2.20611 
-5.90652  -6.81964  -6.11103  -6.41715  -5.08235  -8.99536  -4.21179  -5.03414  -7.66277  -5.40109  -5.81072  -6.57469  -5.96637  -3.76446  -5.03932  -7.22754  -3.63402  -5.0192  -5.18136  -4.86748  -6.91444  -1.25992  -4.32599  -9.46947 
-5.53006  -5.3451  -2.01375  -2.26675  -6.90351  -4.58904  -4.87383  -6.12392  -7.06348  -5.58867  -4.96533  -7.18024  -6.86528  -7.16488  -2.9303  -4.21385  -2.4391  -6.84032  -7.13996  -2.1648 
-8.13654  -7.22978  -3.58045  -3.63927  -3.20445  -3.99488  -4.32053  -7.57825  -5.23394  -7.58325  -6.31454  -8.98123  -6.45198  -7.32663  -3.95252  -2.86562  -6.72512  -8.85843  -4.03915  -7.14548 
-4.48532  -3.15481  -3.53219  -6.74278  -5.28125  -2.1227  -5.60716  -5.6969  -5.36463  -5.15639  -6.80749  -4.94215  -5.9423  -7.59571  -7.00787  -4.31474  -5.9822  -7.67059  -5.66958  -6.56671  -4.47506  -5.79664  -0.91876  -11.7703 
-1.75845  -4.11481  -3.77378  -1.2447  -3.2053  -5.39612  -0.347616  -5.81705  -4.10212  -7.97735  -3.80607  -2.42054  -2.26065  -5.72215  -6.90124  -1.71447  -3.09034  -3.97376  -2.91027  -6.04723 
-5.68266  -2.87986  -6.4806  -5.72963  -5.28545  -5.23961  -8.83844  -7.96455  -3.87376  -5.94841  -4.94408  -2.46835  -3.11315  -4.95115  -2.11222  -2.13927  -3.50737  -8.98411  -7.30377  -3.05816 
-7.33612  -6.42873  -7.06167  -3.73237  -3.20016  -4.7642  -3.07571  -7.03858  -6.03132  -6.92816  -7.17306  -3.66445  -6.599  -3.43105  -7.73423  -5.80946  -4.61922  -3.33728  -3.7057  -4.02034  -12.4147  -2.48645  -1.45548  -7.21849 
-5.7719  -3.26267  -3.17894  -2.24589  -5.62313  -6.8018  -8.49277  -6.66558  -6.84466  -9.54841  -5.30952  -3.42977  -5.91419  -5.49218  -3.63991  -3.08471  -3.5827  -10.9374  -8.13336  -3.98028 
-5.4532  -2.33451  -3.04558  -3.34146  -3.54393  -2.4989  -6.16608  -4.23634  -7.02237  -8.64792  -9.28192  -6.34765  -7.49069  -3.04372  -9.1943  -3.90648  -3.57667  -2.47685  -8.44862  -6.73208 
-3.71948  -5.76746  -6.64704  -6.69088  -3.45813  -5.15088  -3.80064  -5.58078  -5.29783  -8.31187  -6.65025  -5.76525  -9.31419  -5.48176  -9.61387  -6.66664  -9.77239  -8.11949  -3.67799  -6.79316  -11.0375  -4.7628  -2.19023  -6.04689 
-9.37373  -1.70842  -3.12722  -7.63807  -1.59932  -5.20714  -5.53703  -1.5062  -4.10436  -9.83929  -4.37376  -3.25424  -5.02727  -2.67346  -4.523  -3.3054  -3.28504  -3.67493  -2.60935  -3.97014 
-7.93862  -5.00078  -8.36637  -4.4348  -5.20801  -7.08948  -7.33872  -5.17391  -8.91986  -6.04318  -4.46212  -7.07459  -5.69432  -2.77138  -5.47136  -2.65833  -5.18996  -5.26035  -6.15454  -7.27744  -10.1764  -4.76569  -2.44392  -6.48987 
-2.38083  -4.77802  -5.70262  -7.56029  -3.31416  -2.64225  -4.2722  -4.91301  -9.34207  -9.79223  -6.20995  -9.81371  -3.15941  -5.56245  -4.06304  -8.47121  -3.15525  -4.44876  -4.21768  -5.85998 
-2.99563  -3.22097  -5.67848  -2.67757  -4.19686  -3.1869  -6.00563  -6.49608  -5.95522  -3.73776  -10.98  -6.47983  -4.14419  -3.96762  -5.14973  -6.17971  -7.68359  -7.39099  -4.18765  -8.53502 
-8.04237  -5.5525  -4.37075  -5.92264  -1.62927  -2.32808  -6.48012  -6.01276  -4.31762  -5.07337  -8.70212  -7.26639  -3.03856  -4.70032  -5.25658  -7.20756  -7.16602  -4.32953  -2.72632  -1.85225 
-6.05916  -3.21348  -6.12154  -4.35564  -5.46533  -5.76667  -7.29342  -5.08444  -5.20846  -9.47106  -5.17707  -7.16116  -5.30617  -5.41286  -6.96376  -2.77996  -5.4329  -5.80074  -6.93597  -3.88765  -4.82694  -6.63636  -0.23336  -12.4637 
-6.69582  -4.94086  -5.27953  -3.17887  -5.30755  -4.68786  -8.7054  -7.30331  -3.76847  -8.50108  -6.66797  -8.26433  -4.16751  -5.20469  -2.60935  -3.33824  -6.80634  -4.59454  -4.53978  -3.48188 
-4.10503  -4.19382  -4.73366  -1.67898  -2.88854  -5.8392  -2.39508  -6.07454  -7.09131  -4.51875  -4.70897  -2.36477  -5.30605  -1.94168  -2.63086  -5.71314  -9.0906  -6.72256  -6.12748  -9.65435 
-7.93875  -6.34863  -5.20108  -8.28814  -4.91615  -5.573  -5.98844  -5.87207  -5.9663  -1.79447  -7.71421  -6.0039  -5.34822  -6.01919  -3.09289  -6.15629  -5.97752  -4.42996  -6.16291  -2.83156 
-5.76185  -2.33194  -4.91909  -1.66716  -4.10909  -6.87582  -2.4081  -4.92842  -3.77368  -5.49823  -4.41616  -1.51874  -1.91437  -3.3737  -5.93222  -2.24809  -6.83045  -1.61911  -1.54528  -6.71254 
-8.04184  -4.62893  -3.8712  -4.69942  -3.93834  -1.67182  -5.82617  -2.3017  -6.79042  -8.50468  -2.74849  -8.10718  -7.66054  -2.40528  -2.52424  -5.91569  -6.45313  -5.84479  -3.45772  -4.67591 
-7.07223  -5.09169  -5.66691  -4.2633  -7.42025  -4.01274  -4.54962  -4.993  -3.9335  -5.6083  -2.72587  -2.50252  -3.80509  -3.30907  -7.49458  -4.05699  -1.56304  -3.11335  -4.06268  -7.44044 
-7.48947  -7.72997  -6.33499  -4.89766  -5.93046  -6.82792  -5.90174  -6.1092  -7.82119  -6.09689  -5.40965  -1.58558  -4.7264  -5.99312  -7.26226  -3.73469  -3.93482  -6.3675  -5.90993  -4.83504 
-2.04802  -5.15005  -4.23726  -4.06288  -2.94941  -3.99149  -1.89163  -5.14979  -4.28026  -4.71236  -2.39606  -4.7328  -6.72186  -3.88361  -6.46423  -3.37394  -1.86325  -3.28709  -6.06508  -1.65928 
-6.36044  -4.11976  -5.52666  -5.3639  -4.46161  -3.28786  -2.19844  -4.41983  -5.00816  -8.19312  -2.45887  -6.68063  -4.59268  -5.86144  -3.50769  -2.77531  -3.61024  -3.76281  -2.66457  -5.10342 
-5.94953  -4.20078  -5.04234  -4.89247  -7.76228  -5.657  -4.01511  -6.2367  -4.81707  -5.81652  -4.7342  -6.85522  -2.70888  -3.87062  -2.01447  -7.49197  -8.32194  -2.71473  -3.82153  -2.93998 
-4.89304  -3.89416  -3.40304  -6.39563  -6.74232  -5.23487  -3.97082  -5.86197  -4.77413  -4.24546  -4.43663  -5.25803  -2.29169  -5.69231  -3.54487  -2.21619  -4.73243  -5.46385  -3.66423  -6.18318 
-6.30102  -8.89449  -3.76432  -3.15429  -7.59604  -1.84079  -4.05997  -9.52492  -3.23414  -2.50479  -8.11235  -7.08674  -3.77289  -7.96459  -7.04371  -5.46171  -2.61021  -7.53551  -2.80271  -8.47986 
-5.94509  -6.57968  -5.20541  -9.2574  -7.62379  -4.75892  -4.21689  -7.94616  -2.39195  -3.79734  -5.11678  -4.99508  -6.92757  -5.67103  -3.81136  -8.42563  -1.55623  -5.66069  -3.66382  -3.55931 
-7.85019  -6.10121  -4.90659  -4.99827  -4.60708  -5.20653  -5.11833  -9.24944  -9.6228  -8.63547  -3.63521  -3.17895  -8.82443  -3.80382  -5.14963  -2.46014  -3.37006  -8.38396  -5.02284  -3.17777  -1.96327  -4.89381  -3.97242  -11.6633 
-1.88579  -5.27598  -6.97924  -6.4353  -2.75346  -5.03523  -2.91491  -5.68381  -5.97925  -6.13419  -6.21482  -10.3665  -4.27774  -2.87674  -4.86643  -6.27983  -3.73391  -1.58712  -2.29842  -2.70791 
-6.5877  -3.61116  -3.53194  -6.10769  -1.81506  -5.2034  -9.09859  -6.12858  -3.71068  -2.86157  -5.61743  -6.10576  -3.70644  -8.214  -6.60785  -2.81944  -8.78245  -6.83965  -6.22077  -4.18884 
-3.54036  -9.97749  -2.87012  -2.14774  -5.00094  -4.36441  -5.08527  -4.40384  -2.31095  -4.86657  -1.78253  -2.48413  -8.92932  -7.24442  -6.54772  -5.89658  -5.43847  -2.49192  -6.8601  -1.88362 
-8.40661  -6.10479  -3.08229  -5.28477  -2.80579  -1.5984  -5.4564  -6.19656  -9.00561  -6.00223  -2.82516  -6.38154  -2.52624  -2.43934  -7.54883  -8.13293  -2.48227  -2.72542  -8.4542  -3.16722 
-5.76901  -7.96233  -2.65015  -2.92908  -4.70751  -2.0299  -6.85913  -3.88054  -7.52483  -9.33025  -3.7266  -3.64886  -5.06004  -4.88325  -4.7028  -6.74383  -7.74425  -5.35296  -4.07118  -2.56807 
-4.63175  -9.09919  -6.33404  -1.92151  -2.66154  -7.13078  -3.11443  -3.14937  -4.84987  -3.99142  -6.69887  -5.66743  -7.81214  -5.91476  -2.38986  -8.01018  -4.25005  -3.43663  -3.53021  -2.15682  -0.0903108  -5.5118  -5.06319  -12.0762 
-6.94987  -2.68706  -3.47808  -4.50745  -5.93669  -6.60309  -6.73903  -2.60023  -5.3368  -5.96008  -7.36773  -5.69863  -7.79735  -6.57939  -4.50477  -3.40318  -6.79085  -8.9691  -8.37677  -2.71037  -9.55181  -6.98998  -3.75775  -4.18639 
-4.97968  -8.09192  -3.26494  -4.9335  -2.82356  -4.39624  -2.20722  -2.40735  -4.71467  -4.3853  -1.79684  -5.87947  -6.1235  -5.09096  -4.74388  -5.29328  -5.74742  -3.94492  -5.93172  -5.40016 
-7.72648  -4.64976  -6.34844  -5.24884  -4.94992  -4.36862  -7.42463  -2.84873  -5.8986  -6.48781  -2.32579  -6.4579  -7.7632  -7.36198  -7.26247  -3.38438  -4.58212  -1.5439  -7.1789  -2.75615 
-9.33874  -7.22461  -2.36443  -9.1865  -8.89128  -3.91072  -7.63639  -9.54721  -9.92019  -2.72326  -3.95918  -3.75623  -8.12183  -8.3962  -3.4631  -3.38237  -2.75972  -3.11948  -6.22234  -4.30505 
-2.58627  -3.58284  -6.92224  -3.04218  -7.13351  -6.67525  -5.74688  -5.03448  -7.23569  -7.62516  -6.30506  -9.20186  -9.17117  -7.3037  -4.47554  -5.89512  -6.58225  -3.20617  -4.34629  -5.45774  -8.95669  -6.10914  -4.30876  -5.02673 
-7.39422  -7.10607  -5.86393  -6.00582  -6.30552  -8.43721  -4.63182  -6.48472  -4.98557  -7.21948  -4.42382  -5.679  -4.74085  -5.21517  -6.73085  -7.58926  -5.56056  -5.97061  -5.8221  -4.37956  -9.11088  -3.36948  -1.50793  -8.82596 
-5.6681  -5.8522  -5.01031  -5.94374  -3.4198  -4.39  -3.72682  -3.95467  -7.21757  -2.02286  -5.93886  -4.45567  -4.95885  -3.64692  -4.12987  -5.0019  -2.8794  -1.93762  -3.81945  -5.66173 
-9.11234  -7.02582  -5.89162  -6.52209  -3.51495  -3.53461  -5.79319  -7.22747  -4.28306  -6.201  -6.44929  -3.00993  -6.28081  -3.11733  -2.88238  -7.03697  -8.21862  -4.29522  -8.80906  -7.02246 
-3.52548  -2.54253  -5.50308  -6.70325  -3.92547  -2.83645  -5.25623  -5.27133  -5.30794  -8.7113  -4.25345  -7.59245  -3.1241  -7.30463  -10.7684  -8.03072  -3.04056  -4.33708  -5.63591  -5.49647 
-5.16664  -3.13826  -3.93534  -6.78846  -5.48902  -4.68097  -4.02261  -8.85734  -3.38226  -2.97566  -6.15169  -2.44743  -2.07429  -3.21366  -3.84987  -7.22946  -3.99699  -2.46668  -5.22785  -6.48834 
-2.98345  -3.00133  -6.23763  -2.89254  -3.27616  -5.11088  -4.11347  -1.93447  -8.64833  -7.95656  -4.54112  -3.45733  -7.38891  -2.2541  -2.4643  -1.60019  -2.5912  -2.77813  -2.37477  -6.03949 
-8.39656  -4.43055  -4.11057  -2.81737  -2.98391  -4.08738  -4.58355  -2.95496  -2.87832  -6.05499  -5.25591  -9.70122  -3.07299  -5.26101  -7.26727  -9.29969  -3.41794  -8.45079  -4.38068  -5.36643 
-2.03156  -5.7376  -2.75855  -4.92311  -2.25141  -4.77274  -5.10182  -6.06662  -2.44253  -4.04207  -8.16451  -7.70097  -3.15031  -7.02531  -2.97193  -4.96872  -6.2169  -7.39529  -4.71343  -6.11664 
-3.40046  -3.88757  -4.19079  -6.69981  -5.93359  -1.76358  -8.9456  -3.75707  -7.47986  -8.26975  -8.82031  -8.93815  -3.18127  -8.03443  -3.19256  -5.79138  -8.85945  -4.3254  -8.69547  -4.13152 
-7.29141  -2.93787  -4.22964  -4.73863  -5.81038  -5.15772  -7.37848  -8.94665  -3.96908  -4.7278  -3.42222  -3.07868  -2.27557  -1.96486  -4.13106  -4.31991  -5.55776  -3.20262  -6.20477  -3.3309 
-4.43804  -5.34395  -4.98032  -2.79445  -6.05359  -7.21071  -3.9957  -7.50512  -7.99721  -4.01497  -6.40151  -4.02483  -4.74592  -4.83811  -3.0017  -2.24032  -4.0046  -4.19867  -4.34413  -4.20762 
-3.84587  -5.85274  -4.43987  -2.67701  -3.27288  -2.82087  -2.84404  -6.0836  -1.976  -3.93559  -7.55739  -4.57185  -5.1426  -8.49413  -5.50648  -1.78029  -1.41982  -5.54741  -2.31997  -4.0717 
-8.51314  -7.4676  -6.65314  -3.57194  -5.86341  -3.43513  -5.2188  -9.07327  -9.05209  -8.23187  -8.85763  -3.08454  -7.0076  -7.05105  -8.7532  -3.40564  -6.64449  -2.18551  -3.38757  -2.83564 
-4.02767  -4.69738  -4.76409  -6.31969  -5.22967  -7.04878  -5.98058  -4.58319  -3.8762  -8.07842  -6.72907  -3.15323  -4.87646  -6.92984  -7.63423  -3.05475  -5.43863  -3.09729  -3.21979  -3.8478  -11.8489  -5.91045  -2.32619  -3.53063 
-5.28484  -8.42938  -4.97449  -4.4953  -4.46596  -4.17528  -7.05255  -6.61745  -4.72555  -3.13963  -6.37379  -4.35355  -8.19561  -5.68308  -4.97508  -6.73199  -6.1063  -6.38005  -7.89853  -4.52949 
-7.45696  -3.61371  -5.5966  -2.5121  -4.69043  -6.62934  -5.52065  -7.04516  -2.63932  -7.35959  -11.0616  -4.94106  -7.38745  -9.22143  -3.45886  -7.79258  -6.39936  -6.69584  -7.8369  -5.67526 
-7.85494  -6.714  -3.62632  -5.77954  -3.49702  -2.88294  -8.92509  -7.42219  -9.1631  -6.17593  -2.16081  -2.6871  -6.13764  -7.05901  -4.5312  -3.79815  -8.07276  -2.16177  -3.35624  -3.17517 
-7.76336  -3.2838  -2.82519  -6.70252  -8.68097  -2.87614  -8.90302  -3.80643  -4.46858  -8.68938  -5.03862  -8.17775  -6.14601  -7.75294  -8.88299  -5.30716  -6.68119  -5.13189  -2.36578  -1.83712 
-1.97411  -7.88564  -8.07056  -5.11547  -5.78592  -4.78848  -2.47945  -4.76422  -4.10916  -4.33341  -7.69294  -3.18285  -7.08764  -2.25449  -3.02933  -6.68622  -5.67388  -1.65617  -4.74916  -2.89914 
-5.69498  -6.13999  -9.42774  -9.62203  -2.41602  -1.93074  -5.41523  -4.88244  -4.29111  -4.99213  -4.18072  -2.13884  -3.53835  -6.81874  -10.0506  -7.36723  -3.10851  -4.57398  -3.51578  -8.14839 
-2.96914  -3.57036  -6.38737  -8.5502  -8.04385  -4.29676  -2.87181  -7.27004  -7.19584  -2.63468  -5.85157  -3.49914  -4.32911  -5.08734  -6.15376  -8.17363  -3.54761  -2.1621  -2.93722  -6.3941 
-3.31551  -2.5268  -4.17264  -3.5457  -5.28112  -6.52942  -6.73906  -3.50529  -7.08793  -10.8568  -4.22804  -5.18192  -4.6471  -9.56035  -5.61182  -2.54643  -4.31663  -3.5057  -3.21868  -5.50052 
-3.09133  -3.69851  -1.81291  -7.95709  -6.32351  -4.09853  -6.14233  -5.17419  -3.55672  -7.73963  -9.61086  -8.58459  -3.90797  -6.19857  -4.7027  -3.65689  -4.43588  -2.4377  -8.71363  -6.18991 
-6.42586  -3.18842  -4.95824  -3.75482  -6.24316  -1.54577  -2.62091  -7.01231  -1.86689  -5.41973  -6.30977  -2.96417  -1.9426  -2.06121  -8.50864  -2.83036  -7.12334  -6.35394  -5.5727  -2.31129 
-1.58805  -5.79484  -5.21007  -6.65767  -9.28019  -2.21548  -5.77485  -2.74354  -4.93712  -6.69229  -4.30515  -8.5766  -2.93731  -2.65464  -6.59467  -3.37834  -6.83434  -4.4884  -3.89557  -8.00872 
-4.55237  -1.98925  -5.50247  -1.5271  -5.17821  -2.20393  -3.26423  -4.07305  -5.81734  -5.1475  -4.9946  -2.0646  -3.41576  -1.82943  -6.77589  -6.09395  -4.92444  -1.93062  -2.63524  -3.35014 
-2.45972  -5.47418  -3.20515  -3.73527  -7.71349  -1.74836  -4.10454  -6.12136  -2.21352  -3.54977  -4.47176  -6.29905  -7.48549  -3.99517  -5.73014  -3.86068  -4.69053  -7.03806  -3.95584  -5.94163 
-9.03517  -7.20704  -3.41992  -6.47578  -3.14673  -8.43738  -5.84969  -2.92675  -9.51855  -5.25334  -3.79737  -3.35686  -2.17244  -8.23678  -4.95392  -2.27054  -3.4137  -2.4254  -6.37783  -1.86522 
-5.30257  -6.74467  -4.48627  -2.60817  -3.45595  -4.89904  -5.56203  -7.35009  -6.51445  -6.4713  -2.81012  -8.85492  -6.59903  -7.3322  -2.14958  -3.2793  -3.86517  -6.00211  -4.03163  -5.87939 
-8.9786  -7.32313  -5.84249  -1.7549  -7.25082  -4.53236  -6.48789  -7.13667  -7.50312  -2.96234  -6.58305  -3.05075  -8.76175  -7.14352  -4.3846  -8.27289  -3.38071  -4.27887  -3.05727  -5.85704 
-5.63401  -8.82233  -6.01956  -7.97598  -2.74306  -8.51519  -1.69866  -3.37992  -5.11797  -6.02395  -6.86307  -8.21447  -2.83365  -7.89413  -7.92766  -3.92287  -4.47758  -2.63721  -8.1054  -2.49531 
-8.03858  -2.15288  -6.9517  -6.34649  -3.60362  -5.35414  -5.36011  -5.73008  -7.28936  -6.80917  -3.7786  -5.05743  -6.16194  -5.07784  -7.45437  -7.37678  -6.72444  -5.75822  -6.74959  -8.25055 
-5.68377  -1.84  -1.89126  -6.14742  -3.58324  -8.76113  -6.47509  -5.45383  -2.09731  -3.77234  -3.54886  -3.71233  -7.57738  -2.69041  -1.87386  -11.411  -5.89837  -2.93513  -3.88405  -2.11698 
-6.8203  -2.65755  -3.59722  -4.32865  -3.23756  -6.30701  -5.57375  -8.57307  -5.29799  -3.28065  -7.30553  -7.99325  -6.15714  -3.75627  -3.4024  -6.63058  -4.36591  -2.7656  -3.41176  -5.90079 
-4.91718  -5.49651  -9.54604  -1.80247  -3.27156  -3.79198  -3.57744  -6.87174  -6.08448  -8.14949  -4.84292  -2.79824  -5.2859  -6.02476  -6.24556  -3.14454  -6.82383  -3.85486  -2.57051  -6.5326  -10.0281  -11.99  -3.76009  -0.18872 
-7.22195  -5.4547  -2.91042  -4.35953  -6.51611  -6.15544  -2.2615  -2.56976  -4.73612  -4.56556  -10.906  -4.87636  -6.89003  -6.44898  -2.23911  -3.99356  -4.81416  -3.01252  -8.24578  -2.98473 
-6.3905  -7.3214  -3.80306  -6.13458  -3.02123  -8.5957  -8.01078  -8.0925  -6.15242  -2.96889  -6.90564  -3.69362  -3.36354  -3.1892  -1.98232  -6.05127  -6.62778  -4.22585  -2.78161  -6.07192 
-6.3976  -9.53036  -5.00103  -4.21675  -4.11618  -7.01529  -6.92929  -6.43431  -4.45183  -7.91547  -5.2933  -6.14435  -4.17721  -6.84174  -6.90921  -3.36947  -7.56895  -7.8518  -6.17462  -3.68458  -2.70699  -7.45028  -3.60495  -8.97434 
-4.98563  -7.63411  -4.95244  -5.90472  -2.23814  -1.4936  -4.48654  -4.33548  -1.55623  -3.71733  -8.11999  -3.15822  -2.64637  -5.70541  -2.97403  -2.41492  -5.43334  -2.48219  -4.68686  -2.42508 
-4.9251  -2.72159  -4.32157  -7.38919  -6.75229  -4.85135  -2.86308  -6.45575  -4.58944  -4.31875  -1.63382  -7.6301  -7.24502  -6.34787  -4.08769  -3.00594  -4.62347  -6.12932  -7.01697  -6.21962 
-6.1599  -2.30049  -1.34443  -2.48354  -0.960545  -4.53616  -2.71058  -3.49227  -7.17351  -4.90084  -1.78938  -5.03869  -3.38673  -4.59741  -1.97832  -2.37043  -1.29818  -6.69552  -5.29011  -1.11796 
-7.01857  -4.73752  -5.79351  -4.5356  -2.28231  -4.60513  -2.46531  -5.34257  -3.00379  -4.75751  -7.4658  -5.71084  -7.68093  -6.62672  -3.67583  -4.08158  -5.61653  -2.80049  -4.69305  -5.49367  -4.3989  -7.32161  -0.587366  -11.2803 
-7.5642  -7.47458  -4.57709  -4.18437  -8.15  -5.80734  -2.57347  -3.1155  -6.38501  -10.8501  -3.8479  -7.95648  -7.00504  -2.49474  -2.4223  -7.59653  -4.53985  -6.66711  -6.65494  -8.47615 
-5.91027  -5.3667  -3.77481  -6.36773  -5.81261  -2.10175  -8.52077  -6.85565  -5.64929  -3.8713  -8.25784  -5.14923  -5.89891  -2.29832  -5.89144  -4.43002  -3.64717  -3.41686  -7.96628  -4.7385  -10.5982  -6.1223  -5.01514  -2.26499 
-7.93862  -5.00078  -8.45273  -6.7857  -3.34967  -3.96197  -5.54965  -6.61522  -3.16057  -6.51549  -6.13699  -5.32641  -7.07459  -5.57868  -3.7252  -7.38292  -3.96051  -5.18996  -3.19726  -5.52577  -10.1764  -4.76569  -2.44392  -6.48987 
-7.71799  -8.13058  -4.87861  -2.58493  -5.42046  -4.61094  -2.73974  -4.95658  -1.42711  -4.67965  -4.50881  -5.94908  -4.23559  -3.44285  -5.85764  -6.53837  -6.69776  -5.29091  -1.50467  -4.56806 
-7.64731  -3.26619  -1.91813  -4.91842  -4.87697  -5.27611  -7.16893  -5.12649  -6.60833  -10.7952  -6.44747  -7.88267  -5.98416  -5.78521  -3.88511  -6.36412  -4.07223  -6.45127  -2.48392  -5.48109 
-7.68274  -6.35663  -6.58515  -3.61431  -3.80684  -3.00761  -6.17526  -7.5888  -6.58483  -5.79462  -8.33275  -3.10732  -2.84605  -6.16761  -4.27646  -8.54299  -6.83796  -2.44346  -8.86519  -6.15836 
-2.58944  -3.26747  -8.45132  -6.69055  -9.92213  -5.75745  -4.36403  -4.1816  -6.32108  -9.49833  -5.4649  -5.27385  -7.89883  -3.42212  -6.40123  -3.91806  -3.32579  -2.15413  -3.65277  -6.11913 
-7.21928  -7.57592  -6.02924  -6.41718  -2.64864  -4.30865  -4.41763  -7.81476  -3.95009  -5.66918  -4.88313  -4.77009  -5.80344  -6.31045  -6.0542  -2.59604  -3.59069  -6.8487  -5.9205  -3.53572  -12.7096  -6.44833  -0.390802  -4.64896 
-7.48844  -5.46339  -6.90368  -3.23863  -4.88107  -2.34472  -3.06201  -6.98358  -2.69435  -4.68903  -7.35848  -7.04906  -7.15077  -3.09463  -3.18562  -2.26477  -5.72791  -6.89078  -4.78809  -5.42911 
-7.16485  -2.91808  -3.51018  -6.41021  -7.61757  -3.63672  -1.84846  -5.99517  -3.42016  -9.02244  -6.44223  -6.94295  -7.21331  -3.43635  -4.71944  -2.82583  -4.42764  -2.4596  -3.43698  -8.70608 
-4.36013  -7.36168  -6.7393  -6.8956  -4.50919  -8.36393  -8.16123  -4.38707  -5.88683  -3.98988  -5.85362  -5.06211  -6.61968  -7.67975  -7.18826  -6.21153  -4.11767  -8.70758  -5.36166  -3.28878  -8.0983  -7.15781  -1.86918  -6.80607 
-4.49685  -5.89401  -1.43448  -3.27723  -3.1667  -2.26627  -3.42388  -10.0111  -5.22035  -8.71866  -7.70918  -2.85677  -9.06838  -1.20032  -9.579  -8.08905  -8.36732  -4.08497  -2.47758  -5.84507 
-8.06859  -1.90163  -8.53713  -2.24806  -3.68747  -6.85403  -5.8806  -3.8138  -3.41194  -6.14894  -7.894  -5.85657  -7.22414  -7.89773  -7.19959  -8.8653  -3.43106  -7.63181  -3.10841  -3.11491 
-6.68171  -3.41206  -7.43076  -5.88727  -4.2596  -3.98464  -6.11596  -4.21042  -4.72716  -2.05457  -4.82793  -7.28908  -5.42298  -3.43978  -2.73087  -3.07395  -8.07227  -7.84355  -2.58366  -5.68992  -1.88916  -9.47005  -1.1882  -10.4356 
-3.64234  -5.05215  -6.78967  -3.1212  -4.90574  -4.71316  -2.86533  -10.7235  -5.28026  -7.63833  -6.21803  -5.79785  -5.05826  -5.46543  -5.0412  -6.18029  -4.03665  -2.7909  -4.61113  -3.90981 
-7.74005  -7.98807  -6.501  -5.99835  -5.98905  -1.78312  -2.5194  -8.75016  -8.16696  -7.80814  -8.90165  -5.4984  -2.35303  -1.58957  -3.6959  -1.58275  -7.6907  -2.55699  -5.24102  -3.58342 
-5.92951  -2.83963  -1.88358  -4.5523  -5.1348  -8.72696  -2.29891  -3.749  -7.53163  -7.40913  -4.77175  -1.67312  -3.00528  -3.13278  -2.1326  -4.06901  -3.18772  -4.29842  -2.89175  -4.04659 
-8.85888  -7.12111  -3.60757  -8.83955  -3.12309  -6.0839  -5.57401  -6.52245  -6.56816  -3.54122  -2.20072  -8.05685  -2.59242  -5.21719  -7.04228  -7.79809  -3.38546  -3.67598  -3.44929  -3.75039 
-6.74467  -2.33826  -9.29811  -5.56203  -2.80462  -7.15537  -5.6536  -7.42284  -3.90709  -2.73592  -5.01452  -3.04717  -2.8305  -5.46393  -6.59903  -7.66523  -6.49918  -8.2032  -2.37918  -2.49424 
-3.10678  -4.8322  -3.06916  -5.5556  -5.97605  -5.51313  -10.902  -6.88323  -6.73974  -8.30811  -7.83191  -6.54988  -5.0513  -7.06635  -5.33893  -5.32453  -4.50933  -7.66482  -3.74338  -4.80272 
-5.44636  -5.83383  -2.80713  -5.46533  -7.17663  -6.10905  -6.54788  -3.95413  -4.37698  -5.33505  -6.95727  -2.75938  -2.04422  -10.366  -6.15678  -4.3452  -2.59993  -4.12298  -5.10196  -2.55775 
-5.53034  -3.9888  -4.63804  -6.78502  -5.12138  -7.57455  -2.63202  -6.40098  -9.34974  -5.80398  -5.07895  -8.23353  -3.50355  -2.00082  -10.5306  -7.1301  -8.09714  -4.17745  -2.75063  -6.92323 
-7.19786  -2.41158  -3.50948  -2.96629  -6.03433  -6.26797  -6.20315  -9.02283  -2.70454  -3.87187  -7.1098  -4.51405  -8.79619  -3.80439  -8.19275  -2.64274  -7.06739  -6.13335  -1.83576  -7.40341 
-4.88387  -4.62825  -6.17135  -3.15258  -1.98542  -3.88285  -7.95892  -9.46681  -3.83746  -2.13235  -9.5232  -3.35768  -6.92111  -2.43759  -4.818  -2.36624  -2.45972  -4.82096  -6.58083  -6.64905 
-4.54968  -2.16866  -3.53006  -2.9648  -5.60425  -7.06283  -2.17791  -1.81667  -4.57536  -7.96451  -4.65123  -2.40489  -3.82056  -1.0441  -3.03433  -7.38838  -3.69941  -6.572  -2.84058  -1.86557 
-7.48363  -7.75671  -7.21145  -4.63379  -6.66081  -5.98889  -5.25841  -6.10888  -6.637  -7.27326  -8.77213  -2.2686  -7.2431  -4.19226  -7.35177  -6.94269  -8.11828  -5.64923  -5.15981  -5.75335  -10.1655  -5.42288  -2.55442  -5.60676 
-3.55317  -5.00602  -7.17818  -3.10046  -4.81974  -6.23367  -6.7661  -4.75566  -6.69027  -8.23427  -5.03962  -4.07991  -5.52146  -7.34242  -4.24739  -6.59864  -3.34193  -3.31296  -4.12137  -4.73499 
-6.9052  -4.27956  -6.43811  -7.03949  -4.23525  -3.1554  -5.05788  -8.66461  -5.82415  -6.33408  -7.4727  -9.10523  -6.17004  -2.6021  -5.52629  -8.72099  -3.52403  -3.78492  -3.16659  -6.84077  -8.22007  -6.79127  -2.32856  -6.27095 
-7.20663  -4.57109  -6.10686  -7.69079  -6.67465  -4.12431  -6.61309  -2.42428  -3.30579  -5.10806  -8.7271  -3.30814  -3.79802  -10.7306  -6.30763  -7.98804  -3.95011  -3.00692  -4.42911  -3.78123 
-8.07521  -7.11935  -2.7425  -5.9095  -7.55355  -3.63393  -6.03287  -3.59959  -2.4045  -6.36605  -6.01914  -8.59483  -3.44956  -2.79174  -4.47689  -7.93685  -2.20916  -2.84622  -4.06229  -7.16193 
-2.91808  -8.10416  -5.99517  -4.21298  -7.53922  -9.2664  -5.38829  -6.31647  -3.1292  -6.94295  -7.2114  -7.21331  -7.463  -3.43635  -2.65018  -4.71944  -3.43724  -6.29126  -2.4596  -4.09829 
-5.95787  -5.29206  -8.45498  -3.18343  -8.66666  -6.8273  -6.54986  -8.86664  -4.45259  -4.12166  -8.13149  -6.36943  -4.29527  -1.90953  -5.0411  -5.1961  -7.49927  -7.78722  -3.61129  -4.64862  -14.185  -4.75754  -4.74183  -0.560811 
-7.42446  -1.3669  -4.45223  -3.54725  -5.6219  -4.40672  -6.16131  -2.77603  -6.78506  -6.99829  -3.1381  -7.852  -3.46903  -4.73551  -4.87957  -7.05609  -7.22573  -3.38421  -8.44043  -4.11772 
-7.57464  -4.76986  -7.33345  -2.09901  -4.80081  -3.97388  -6.03835  -4.46774  -4.24932  -4.65741  -3.60208  -4.42259  -2.33399  -2.05164  -7.70897  -3.80096  -3.16197  -5.40387  -4.17867  -4.22499 
-7.15384  -4.90298  -5.07133  -7.56686  -5.0891  -4.12127  -7.11978  -3.87874  -3.69237  -2.17774  -4.73567  -5.29437  -4.55057  -6.78221  -4.06603  -4.28144  -1.59145  -4.65678  -6.38549  -6.7031 
-2.71831  -2.9256  -3.93655  -3.16593  -3.65276  -3.55602  -7.12569  -3.59158  -3.36685  -6.28087  -1.45166  -3.4084  -7.95049  -6.91717  -3.22637  -6.02112  -2.49116  -8.71804  -2.21429  -9.19153 
-4.98644  -3.113  -2.23535  -4.94434  -3.05332  -7.09311  -6.63387  -5.50979  -6.78019  -4.41505  -3.73207  -3.41149  -3.64249  -3.99285  -7.66852  -1.94047  -1.97442  -7.58366  -7.70439  -6.13009  -9.77181  -1.93456  -1.40601  -9.25577 
-5.90185  -7.36426  -5.63933  -5.65318  -4.10315  -7.08762  -2.73834  -4.23351  -4.46021  -7.51656  -3.83643  -8.62011  -5.87377  -4.06848  -3.46814  -5.35752  -2.34396  -3.29483  -7.89799  -1.72735 
-7.41925  -6.68752  -2.83058  -5.72497  -5.87445  -6.49402  -2.35922  -10.8295  -6.11136  -6.53897  -8.72356  -4.73791  -6.23583  -10.6568  -7.22345  -3.73775  -3.94167  -2.72693  -8.21767  -4.85053 
-2.14079  -7.35071  -4.14792  -5.49032  -2.36269  -3.60349  -3.57651  -4.76731  -5.81861  -3.51916  -3.40701  -2.35091  -5.25942  -7.5171  -4.80416  -4.09561  -5.94752  -2.42446  -6.19214  -3.86916 
-5.13365  -3.23276  -3.41899  -3.07756  -6.55394  -4.53686  -1.97527  -7.64535  -4.85666  -5.12179  -3.96599  -3.69013  -4.82274  -6.54819  -3.25999  -7.46681  -4.29093  -2.49905  -6.67585  -6.32994 
-5.66844  -3.43983  -5.49124  -3.03626  -2.97158  -7.57946  -3.85155  -2.287  -3.55236  -9.29652  -5.25707  -2.97145  -2.81669  -6.42688  -3.02399  -9.61494  -8.76216  -9.38588  -2.282  -2.61304 
-2.928  -5.4422  -2.51266  -5.03527  -3.74456  -5.33977  -6.19893  -4.35282  -4.19306  -3.17303  -6.22797  -3.84274  -8.42621  -6.62592  -5.63817  -4.2061  -4.28057  -5.27922  -6.28747  -7.73929 
-8.61262  -7.13207  -6.37769  -4.93533  -3.35987  -2.72458  -2.93269  -9.11358  -9.74435  -9.14033  -2.55307  -7.69171  -6.26066  -9.11076  -4.63201  -3.96751  -7.75358  -3.15675  -1.9309  -8.5602 

